0, 870, 714, 1247, 1045, 1, 541, 760, 782, 931
0, 698, 775, 825, 846, 1, 870, 714, 1247, 1045, 2, 535, 761, 781, 930
0, 698, 775, 832, 845, 1, 871, 714, 1246, 1046, 2, 525, 760, 779, 932
0, 699, 773, 839, 848, 1, 871, 714, 1246, 1046, 2, 519, 759, 774, 937
0, 707, 775, 850, 848, 1, 870, 714, 1246, 1047, 2, 506, 761, 773, 937
0, 713, 772, 858, 849, 1, 870, 711, 1251, 1053
0, 702, 769, 867, 851, 1, 871, 716, 1251, 1049, 2, 484, 760, 768, 942
0, 706, 769, 879, 853, 1, 870, 713, 1252, 1053, 2, 471, 758, 764, 945
0, 721, 768, 888, 851, 1, 870, 713, 1252, 1054, 2, 461, 758, 760, 948
1, 725, 767, 896, 851, 0, 448, 755, 758, 953, 2, 871, 716, 1251, 1050
0, 728, 766, 896, 851, 1, 871, 716, 1250, 1049, 2, 432, 756, 754, 952
0, 722, 767, 898, 850, 1, 871, 716, 1250, 1049, 2, 419, 751, 750, 957
0, 724, 766, 901, 851, 1, 871, 715, 1251, 1049, 2, 406, 750, 746, 959
0, 388, 750, 738, 960, 1, 871, 716, 1250, 1048
0, 726, 765, 934, 851, 1, 870, 716, 1250, 1049, 2, 373, 747, 735, 969
0, 735, 765, 935, 852, 1, 871, 716, 1250, 1049, 2, 355, 745, 732, 975
0, 749, 766, 951, 852, 1, 871, 716, 1248, 1047
0, 766, 765, 957, 852, 1, 871, 715, 1248, 1047
0, 770, 764, 959, 852, 1, 871, 715, 1249, 1047, 2, 291, 739, 734, 986
0, 271, 737, 728, 997, 1, 871, 715, 1249, 1046
0, 249, 736, 716, 1001, 1, 871, 715, 1249, 1046
0, 221, 730, 698, 1004, 1, 871, 715, 1249, 1047
0, 194, 728, 689, 1002, 1, 870, 715, 1251, 1046
0, 594, 794, 743, 868, 1, 871, 715, 1251, 1047
0, 595, 792, 745, 868, 1, 872, 715, 1251, 1047
0, 578, 791, 747, 868, 1, 871, 714, 1251, 1047
0, 594, 795, 749, 870, 1, 870, 715, 1252, 1047, 2, 83, 707, 646, 998
0, 57, 698, 639, 991, 2, 870, 715, 1253, 1047, 1, 593, 794, 752, 871
0, 32, 696, 625, 998, 2, 870, 715, 1254, 1047, 1, 595, 796, 754, 869
0, 43, 688, 612, 1000, 2, 869, 715, 1256, 1046, 1, 604, 795, 753, 870
0, 0, 676, 597, 1015, 2, 870, 715, 1255, 1046, 1, 617, 796, 755, 871
0, 0, 672, 585, 1017, 2, 870, 715, 1253, 1046, 1, 620, 797, 757, 871
0, 622, 798, 760, 872, 2, 870, 715, 1251, 1046
0, 0, 650, 550, 1026, 2, 870, 715, 1251, 1046
0, 5, 640, 527, 1016, 2, 871, 714, 1249, 1046
0, 0, 631, 506, 1009, 2, 870, 715, 1248, 1046, 3, 628, 798, 763, 874
0, 0, 622, 483, 1005, 2, 870, 715, 1247, 1045, 3, 622, 799, 766, 875
0, 0, 596, 458, 1002, 2, 870, 715, 1247, 1045, 3, 624, 799, 766, 876
0, 0, 576, 432, 1005, 2, 870, 714, 1246, 1045, 3, 632, 798, 766, 876
0, 0, 559, 398, 1004, 2, 870, 714, 1246, 1046, 3, 633, 797, 767, 876
0, 0, 530, 372, 1003, 2, 869, 714, 1248, 1046, 3, 637, 796, 768, 877
0, 641, 795, 769, 878, 3, 869, 714, 1251, 1046, 2, 8, 517, 340, 1006
0, 637, 797, 770, 878, 3, 870, 714, 1250, 1046, 2, 8, 522, 302, 998
0, 0, 535, 253, 1003, 2, 870, 714, 1249, 1047
0, 645, 798, 772, 878
0, 646, 795, 772, 878, 1, 869, 714, 1251, 1049
0, 607, 820, 657, 852, 1, 870, 715, 1248, 1047
0, 1132, 740, 1337, 837, 1, 870, 714, 1249, 1047
0, 1154, 737, 1352, 837, 1, 870, 714, 1248, 1046
0, 1160, 734, 1360, 838, 1, 869, 714, 1248, 1047, 2, 647, 795, 773, 881
0, 1163, 733, 1380, 838, 1, 869, 714, 1248, 1047, 2, 647, 796, 772, 883
0, 1168, 728, 1394, 838, 1, 870, 714, 1248, 1046
0, 567, 793, 637, 838, 1, 870, 714, 1248, 1047, 2, 647, 797, 772, 885
0, 568, 792, 638, 838, 1, 869, 714, 1248, 1047
0, 1166, 723, 1431, 837, 1, 869, 714, 1248, 1047
0, 650, 798, 771, 887, 1, 870, 714, 1248, 1047
0, 1182, 722, 1453, 834
0, 870, 712, 1252, 1053
0, 491, 784, 571, 841
0, 551, 790, 633, 827, 1, 870, 716, 1251, 1049
0, 638, 793, 768, 891, 1, 870, 716, 1251, 1049, 2, 495, 785, 576, 843
0, 632, 793, 766, 892, 1, 871, 716, 1251, 1049, 2, 495, 786, 579, 844
0, 633, 793, 767, 893, 1, 871, 716, 1250, 1049, 2, 494, 786, 583, 845
0, 629, 793, 764, 895, 1, 872, 716, 1250, 1049, 2, 495, 786, 585, 846
0, 628, 792, 762, 896, 1, 872, 716, 1250, 1049, 2, 495, 787, 588, 846
0, 608, 791, 760, 898, 1, 872, 716, 1248, 1047, 2, 498, 788, 591, 845
0, 598, 790, 758, 901, 1, 871, 716, 1250, 1048, 2, 497, 787, 599, 845
0, 604, 788, 758, 901, 1, 871, 716, 1249, 1049, 2, 499, 787, 607, 846
0, 600, 789, 758, 901, 1, 871, 716, 1247, 1047
0, 524, 788, 624, 847, 1, 870, 715, 1246, 1046
0, 510, 788, 623, 848, 1, 870, 715, 1246, 1045
0, 526, 788, 624, 847, 1, 870, 715, 1246, 1046
0, 524, 788, 627, 848, 1, 870, 715, 1248, 1048
0, 518, 788, 625, 848, 1, 870, 716, 1249, 1049
0, 518, 788, 628, 848, 1, 870, 716, 1247, 1047
0, 520, 788, 632, 848, 1, 870, 715, 1246, 1046
0, 531, 789, 638, 848, 1, 870, 715, 1246, 1046
0, 515, 788, 647, 852
0, 870, 715, 1246, 1046
0, 537, 787, 747, 919
0, 869, 715, 1246, 1046
0, 527, 787, 742, 910
0, 522, 786, 738, 907
0, 509, 788, 739, 915, 1, 869, 715, 1246, 1046
0, 495, 788, 735, 928, 1, 870, 715, 1246, 1046
0, 488, 786, 731, 926, 1, 871, 715, 1246, 1046
0, 482, 787, 729, 934, 1, 871, 715, 1246, 1046
0, 467, 788, 725, 939, 1, 870, 715, 1246, 1046
0, 455, 787, 722, 948, 1, 870, 715, 1246, 1046
0, 440, 788, 717, 945, 1, 870, 715, 1246, 1046
0, 430, 787, 708, 924, 1, 870, 715, 1246, 1046
0, 414, 785, 706, 949, 1, 869, 715, 1249, 1046
0, 393, 785, 701, 956, 1, 869, 714, 1252, 1046
0, 619, 792, 748, 855, 1, 869, 711, 1253, 1052, 2, 385, 783, 698, 958
0, 634, 793, 761, 853, 1, 870, 712, 1252, 1051, 2, 367, 779, 696, 968
0, 630, 792, 765, 854, 1, 870, 715, 1250, 1048
0, 329, 778, 684, 972, 1, 871, 715, 1248, 1046
0, 633, 790, 783, 853, 1, 870, 715, 1248, 1046, 2, 315, 776, 680, 975
0, 626, 790, 791, 854, 1, 871, 715, 1247, 1046, 2, 293, 775, 675, 980
0, 630, 790, 800, 856, 1, 870, 715, 1247, 1045, 2, 275, 774, 667, 982
0, 635, 789, 810, 856, 1, 870, 714, 1247, 1045, 2, 257, 774, 659, 983
0, 641, 790, 820, 856, 1, 871, 715, 1247, 1045, 2, 232, 773, 650, 988
0, 649, 788, 828, 857, 1, 871, 715, 1247, 1045, 2, 207, 773, 642, 991
0, 658, 789, 835, 857, 1, 871, 715, 1247, 1045, 2, 182, 773, 633, 991
0, 661, 788, 843, 858, 1, 871, 715, 1249, 1047, 2, 161, 770, 623, 989
0, 519, 787, 607, 830, 2, 871, 715, 1249, 1047, 1, 668, 788, 850, 859
0, 526, 788, 606, 825, 1, 871, 715, 1250, 1047, 2, 112, 759, 599, 984
0, 533, 789, 604, 821, 2, 870, 715, 1250, 1047, 1, 682, 788, 870, 860
0, 534, 790, 603, 821, 2, 869, 716, 1250, 1047, 1, 689, 788, 880, 860, 3, 53, 749, 576, 990
0, 547, 789, 604, 819, 2, 870, 716, 1250, 1047, 1, 693, 788, 894, 859, 3, 23, 746, 564, 993
0, 1, 742, 547, 992, 2, 871, 716, 1250, 1048, 3, 702, 787, 896, 859
0, 546, 789, 603, 819, 2, 871, 716, 1250, 1048, 3, 713, 787, 899, 859
0, 547, 790, 601, 819, 2, 871, 717, 1250, 1048, 3, 725, 786, 898, 860
0, 652, 789, 690, 817, 2, 871, 717, 1251, 1048, 3, 732, 784, 899, 860
0, 651, 789, 691, 817, 2, 871, 717, 1250, 1048, 3, 737, 785, 900, 859
0, 652, 789, 691, 817, 2, 870, 717, 1250, 1048, 3, 746, 785, 901, 859
0, 653, 789, 691, 817, 2, 870, 716, 1250, 1048, 3, 750, 785, 912, 859
0, 653, 789, 691, 817, 2, 870, 716, 1250, 1048
0, 653, 789, 692, 817, 2, 870, 716, 1249, 1048
0, 544, 790, 593, 819, 2, 870, 716, 1249, 1049
0, 652, 789, 691, 817, 2, 870, 716, 1249, 1049
0, 540, 789, 592, 819, 2, 870, 716, 1250, 1050, 3, 801, 782, 950, 859, 4, 651, 789, 691, 817
0, 542, 789, 592, 817, 2, 870, 716, 1249, 1049, 3, 811, 784, 952, 860
0, 541, 789, 591, 818, 2, 870, 716, 1249, 1050, 3, 820, 784, 958, 860
0, 652, 789, 691, 817
0, 653, 789, 691, 817
0, 653, 790, 691, 817
0, 654, 790, 691, 817
0, 654, 790, 691, 817
0, 870, 715, 1246, 1046
0, 870, 715, 1246, 1046
0, 870, 715, 1246, 1046
0, 870, 715, 1246, 1046
0, 870, 715, 1246, 1046
0, 870, 715, 1246, 1046
0, 870, 715, 1246, 1046
0, 870, 715, 1246, 1046
0, 870, 715, 1246, 1046
0, 870, 715, 1246, 1046
0, 870, 715, 1246, 1046
0, 870, 715, 1248, 1046
0, 870, 715, 1252, 1047
0, 869, 715, 1256, 1047
0, 1135, 779, 1278, 839
0, 870, 715, 1249, 1046
0, 1131, 774, 1302, 841
0, 870, 715, 1251, 1046
0, 870, 715, 1250, 1046
0, 870, 715, 1248, 1046
0, 1158, 759, 1353, 842
0, 1168, 758, 1364, 840, 1, 870, 715, 1247, 1046
0, 1172, 758, 1378, 841, 1, 870, 715, 1248, 1046
0, 1171, 756, 1387, 840, 1, 870, 715, 1247, 1046
0, 1170, 755, 1402, 843, 1, 870, 715, 1247, 1046
0, 1190, 752, 1411, 840, 1, 870, 715, 1248, 1046
0, 1194, 751, 1419, 841, 1, 870, 715, 1248, 1046
0, 1185, 750, 1438, 845, 1, 870, 715, 1248, 1046
0, 1199, 751, 1446, 845, 1, 870, 715, 1249, 1045
0, 1202, 751, 1453, 845
0, 1219, 749, 1465, 845, 1, 870, 715, 1248, 1045
0, 1233, 748, 1470, 842
0, 870, 715, 1247, 1046
0, 1263, 744, 1501, 837
0, 871, 715, 1246, 1045
0, 1285, 742, 1517, 834, 1, 870, 715, 1247, 1045
0, 489, 787, 576, 836
0, 505, 791, 578, 835, 1, 870, 715, 1248, 1047
0, 503, 789, 583, 836, 1, 870, 716, 1249, 1048
0, 499, 789, 584, 836, 1, 871, 716, 1249, 1048
0, 508, 790, 588, 837, 1, 871, 716, 1249, 1048
0, 521, 790, 593, 837, 1, 871, 716, 1248, 1048
0, 512, 788, 598, 837, 1, 871, 716, 1248, 1048
0, 496, 785, 602, 840, 1, 871, 716, 1248, 1048
0, 1269, 748, 1410, 798, 1, 871, 716, 1248, 1048, 2, 497, 786, 608, 840
0, 1264, 749, 1406, 798, 1, 871, 716, 1249, 1048
0, 1260, 748, 1401, 798, 1, 871, 716, 1248, 1048, 2, 501, 784, 617, 841
0, 1257, 748, 1400, 799, 1, 871, 716, 1248, 1048, 2, 511, 787, 620, 840
0, 1247, 751, 1392, 802, 1, 871, 716, 1248, 1048, 2, 510, 786, 626, 841
0, 1245, 751, 1383, 801, 1, 871, 716, 1248, 1048, 2, 507, 786, 633, 842
0, 1241, 751, 1383, 802, 1, 871, 716, 1248, 1048, 2, 512, 786, 636, 842
0, 1237, 751, 1378, 802, 1, 871, 716, 1248, 1048
0, 1231, 752, 1368, 802, 1, 871, 716, 1248, 1048
0, 1228, 752, 1366, 801, 1, 871, 715, 1246, 1046
0, 1224, 753, 1363, 804, 1, 871, 715, 1246, 1045
0, 541, 785, 664, 843, 1, 870, 715, 1246, 1045
0, 542, 786, 669, 844, 1, 871, 715, 1245, 1045
0, 544, 786, 673, 844, 1, 870, 715, 1246, 1045
0, 549, 786, 680, 844, 1, 870, 715, 1246, 1045
0, 552, 786, 687, 844, 1, 871, 715, 1246, 1045
0, 559, 787, 689, 845, 1, 870, 715, 1246, 1045
0, 563, 787, 692, 845, 1, 870, 715, 1248, 1047
0, 571, 787, 702, 845, 1, 870, 715, 1248, 1047
0, 576, 787, 709, 846, 1, 870, 716, 1248, 1047
0, 579, 786, 718, 847, 1, 870, 715, 1248, 1048
0, 582, 786, 725, 847, 1, 870, 716, 1249, 1047
0, 590, 785, 729, 847, 1, 869, 715, 1249, 1048
0, 594, 785, 735, 847, 1, 869, 715, 1248, 1048
0, 601, 786, 743, 848, 1, 869, 715, 1248, 1048
0, 604, 786, 750, 849, 1, 869, 715, 1249, 1048
0, 606, 786, 755, 849, 1, 869, 715, 1249, 1048
0, 609, 786, 760, 849, 1, 870, 715, 1248, 1048
0, 616, 786, 770, 849, 1, 870, 715, 1246, 1046
0, 625, 787, 778, 849, 1, 869, 715, 1247, 1045
0, 629, 786, 782, 850, 1, 869, 714, 1249, 1048
0, 638, 787, 792, 850, 1, 870, 715, 1249, 1048
0, 644, 787, 799, 850, 1, 869, 715, 1247, 1046
0, 648, 786, 804, 850, 1, 869, 714, 1247, 1046
0, 1243, 751, 1398, 801, 1, 870, 714, 1247, 1045, 2, 652, 787, 810, 850
0, 1249, 753, 1387, 801, 1, 870, 714, 1247, 1045, 2, 656, 785, 818, 851
0, 1244, 753, 1384, 802, 1, 870, 714, 1246, 1045
0, 559, 789, 633, 824, 1, 871, 714, 1247, 1046, 2, 670, 785, 833, 851
0, 558, 789, 634, 826, 1, 870, 714, 1246, 1046, 2, 677, 786, 844, 851
0, 559, 788, 634, 825, 1, 870, 714, 1246, 1045, 2, 683, 784, 854, 851
0, 1225, 753, 1359, 802, 1, 870, 714, 1246, 1045, 2, 692, 784, 855, 852
0, 554, 789, 621, 829, 1, 870, 714, 1247, 1046
0, 551, 789, 619, 829, 1, 870, 714, 1247, 1046
0, 711, 784, 885, 853, 1, 870, 715, 1247, 1045
0, 656, 790, 691, 817, 1, 870, 715, 1247, 1045
0, 485, 788, 583, 846, 1, 870, 715, 1250, 1048, 2, 723, 784, 902, 854
0, 657, 790, 692, 817, 1, 871, 715, 1250, 1049, 3, 730, 783, 905, 854, 2, 488, 789, 585, 846
0, 656, 790, 692, 818, 1, 871, 715, 1250, 1049, 3, 737, 783, 904, 854, 2, 486, 788, 588, 846
0, 656, 790, 692, 818, 1, 871, 715, 1250, 1049, 3, 747, 784, 902, 854, 2, 486, 789, 588, 846
0, 656, 790, 692, 818, 1, 871, 715, 1250, 1049, 3, 751, 785, 900, 854
0, 488, 789, 590, 846, 1, 871, 715, 1250, 1049, 2, 761, 786, 900, 854
0, 487, 789, 591, 847, 1, 871, 715, 1250, 1050, 2, 770, 785, 900, 854, 3, 656, 790, 693, 818
0, 488, 788, 594, 848, 1, 871, 715, 1250, 1050, 2, 774, 783, 914, 855, 3, 656, 790, 693, 818
0, 487, 788, 596, 848, 1, 871, 715, 1250, 1050, 2, 779, 783, 931, 855, 3, 655, 789, 693, 818
0, 487, 788, 597, 848, 1, 871, 715, 1250, 1051, 2, 790, 784, 930, 855, 3, 654, 789, 693, 818
0, 485, 789, 596, 847, 1, 872, 715, 1250, 1051, 2, 799, 784, 931, 855, 3, 654, 789, 693, 818
0, 801, 784, 951, 857, 2, 871, 715, 1250, 1051, 3, 654, 789, 693, 818
0, 487, 789, 597, 848, 2, 871, 716, 1250, 1051, 3, 654, 789, 693, 818
0, 487, 789, 598, 848, 2, 871, 715, 1250, 1051
0, 489, 788, 600, 848, 2, 871, 715, 1250, 1051
0, 487, 789, 600, 848, 2, 870, 715, 1250, 1051
0, 653, 789, 692, 818, 2, 870, 712, 1252, 1054
0, 654, 789, 693, 818, 2, 870, 715, 1250, 1051
0, 490, 790, 603, 848, 2, 870, 715, 1249, 1050
0, 490, 791, 604, 848, 2, 871, 715, 1247, 1048
0, 656, 790, 692, 818
0, 656, 790, 692, 818
0, 656, 790, 691, 818
0, 656, 790, 691, 818
0, 657, 790, 692, 817
0, 657, 790, 692, 818, 1, 872, 715, 1247, 1047
0, 497, 790, 613, 850, 1, 871, 715, 1247, 1047
0, 656, 790, 691, 818, 1, 871, 715, 1246, 1047
0, 657, 790, 692, 818, 1, 871, 714, 1246, 1047
0, 657, 790, 693, 818, 1, 871, 714, 1246, 1047
0, 656, 790, 692, 818, 1, 871, 714, 1246, 1047
0, 655, 790, 692, 818, 1, 871, 714, 1246, 1047
0, 657, 790, 693, 818, 1, 871, 715, 1246, 1047
0, 656, 789, 692, 818, 1, 871, 715, 1247, 1047
0, 656, 789, 692, 818, 1, 870, 715, 1249, 1047
0, 656, 789, 692, 818, 1, 869, 715, 1254, 1048
0, 503, 790, 623, 852, 2, 870, 715, 1257, 1048
0, 656, 789, 692, 818
0, 656, 790, 692, 818, 1, 871, 715, 1252, 1048
0, 656, 789, 692, 818, 1, 870, 715, 1254, 1048, 2, 1119, 769, 1296, 840
0, 656, 790, 692, 818, 1, 871, 715, 1253, 1049, 2, 1116, 763, 1306, 840
0, 657, 790, 692, 818, 1, 871, 716, 1253, 1049, 2, 1134, 764, 1311, 839
0, 657, 790, 692, 818, 1, 871, 716, 1252, 1049, 2, 1142, 761, 1323, 839
0, 657, 790, 692, 818, 2, 871, 716, 1251, 1049, 1, 518, 792, 628, 852
0, 656, 790, 693, 818, 1, 871, 716, 1251, 1049, 2, 1164, 759, 1344, 838
0, 656, 789, 693, 818, 1, 871, 716, 1251, 1049, 2, 1170, 758, 1356, 838
0, 655, 790, 693, 818, 1, 871, 715, 1249, 1047, 2, 1187, 757, 1365, 837
0, 655, 790, 693, 818, 1, 871, 715, 1249, 1047, 2, 1183, 757, 1380, 838
0, 655, 789, 693, 818, 1, 871, 715, 1249, 1047, 2, 1191, 755, 1388, 836, 3, 533, 794, 634, 853
0, 655, 789, 693, 818, 1, 871, 715, 1249, 1047, 2, 1192, 754, 1401, 837
0, 655, 790, 692, 818, 1, 871, 715, 1249, 1047, 2, 1197, 753, 1406, 837
0, 654, 790, 692, 818, 1, 871, 715, 1249, 1047, 2, 1198, 753, 1413, 837
0, 655, 790, 692, 818, 1, 871, 715, 1250, 1046, 2, 1197, 751, 1419, 838, 3, 537, 793, 638, 853
0, 654, 789, 693, 818, 1, 871, 715, 1249, 1046, 2, 1198, 751, 1434, 839, 3, 538, 792, 639, 853
0, 653, 789, 692, 818, 1, 871, 715, 1250, 1046, 2, 1206, 750, 1438, 836
0, 654, 789, 692, 818, 2, 870, 715, 1250, 1047, 1, 530, 791, 641, 853, 3, 1212, 750, 1442, 835
0, 654, 789, 692, 818, 2, 870, 715, 1250, 1047, 3, 530, 792, 640, 853, 1, 821, 788, 923, 828
0, 652, 789, 692, 818, 2, 870, 715, 1252, 1049, 3, 533, 791, 641, 853, 1, 818, 788, 922, 828
0, 653, 789, 692, 818, 2, 871, 715, 1252, 1050, 1, 533, 791, 642, 853, 3, 1249, 748, 1460, 833, 4, 818, 788, 919, 828
0, 653, 790, 692, 818, 1, 871, 715, 1252, 1050, 2, 1258, 746, 1480, 832, 3, 521, 790, 644, 854
0, 651, 789, 692, 818, 2, 871, 715, 1249, 1047, 1, 517, 790, 644, 854, 3, 1271, 744, 1482, 831, 4, 809, 787, 912, 828
0, 649, 789, 692, 818, 2, 871, 715, 1251, 1049, 1, 510, 790, 647, 854, 3, 1281, 743, 1482, 831
0, 649, 789, 691, 818, 2, 872, 715, 1251, 1049, 1, 512, 790, 645, 854
0, 650, 790, 692, 818, 2, 872, 715, 1251, 1050, 1, 509, 790, 647, 854
0, 1312, 740, 1506, 829, 2, 872, 715, 1251, 1050, 1, 503, 790, 650, 854
0, 498, 789, 650, 853, 2, 872, 715, 1251, 1050
0, 499, 790, 648, 853, 2, 872, 715, 1248, 1047
0, 497, 789, 648, 853, 2, 871, 715, 1248, 1047
0, 498, 789, 649, 853, 2, 871, 714, 1247, 1047
0, 498, 789, 652, 853, 2, 871, 714, 1250, 1049
0, 499, 788, 652, 854, 2, 871, 715, 1248, 1048
0, 499, 788, 652, 855, 2, 871, 714, 1248, 1047
0, 499, 788, 653, 855, 2, 871, 714, 1247, 1047
0, 500, 788, 653, 855, 2, 871, 714, 1247, 1047
0, 500, 788, 655, 855, 2, 871, 714, 1247, 1047
0, 501, 788, 655, 854, 2, 871, 714, 1247, 1047
0, 502, 788, 654, 854, 2, 871, 714, 1247, 1047
0, 502, 787, 654, 854, 2, 871, 714, 1247, 1047
0, 501, 787, 655, 854, 2, 870, 714, 1249, 1050
0, 501, 787, 654, 854, 2, 871, 715, 1250, 1050
0, 500, 787, 655, 854, 2, 871, 715, 1250, 1050
0, 500, 787, 655, 854, 2, 871, 715, 1250, 1050
0, 498, 787, 654, 854, 2, 870, 715, 1251, 1050
0, 502, 787, 653, 854, 2, 870, 715, 1251, 1051
0, 506, 787, 654, 854, 2, 871, 715, 1250, 1050
0, 514, 788, 655, 855, 2, 871, 715, 1250, 1050
0, 510, 788, 656, 854
0, 512, 788, 659, 854
0, 521, 788, 662, 854
0, 526, 789, 662, 854
0, 872, 715, 1250, 1050
0, 872, 715, 1250, 1050
0, 872, 715, 1250, 1050
0, 872, 715, 1250, 1050
0, 872, 715, 1250, 1050
0, 872, 715, 1250, 1050
0, 529, 789, 665, 855
0, 872, 715, 1250, 1050
0, 622, 792, 734, 847
0, 621, 791, 743, 850
0, 532, 789, 665, 855, 1, 871, 715, 1250, 1050
0, 537, 788, 667, 855, 1, 871, 715, 1250, 1050
0, 533, 789, 665, 855, 1, 870, 715, 1250, 1050, 2, 648, 789, 764, 848
0, 533, 789, 661, 855, 1, 870, 715, 1250, 1050
0, 530, 789, 658, 855, 1, 870, 715, 1250, 1050
0, 533, 789, 660, 855, 1, 870, 715, 1250, 1050, 2, 648, 789, 796, 849
0, 534, 789, 660, 855, 1, 870, 715, 1250, 1050
0, 535, 789, 661, 856, 1, 871, 715, 1247, 1047, 2, 657, 788, 815, 850
0, 534, 789, 660, 856, 1, 871, 715, 1247, 1047, 2, 664, 788, 824, 850
0, 533, 789, 678, 857, 1, 871, 715, 1247, 1047, 2, 672, 787, 834, 850
0, 535, 789, 662, 856, 1, 871, 714, 1250, 1049, 2, 685, 788, 845, 850
0, 533, 789, 659, 856, 1, 871, 715, 1250, 1050, 2, 694, 788, 853, 849
0, 530, 789, 659, 856, 1, 871, 715, 1250, 1049, 2, 703, 788, 868, 849
0, 532, 789, 657, 855, 1, 871, 715, 1250, 1050, 2, 714, 788, 876, 849
0, 531, 789, 670, 857, 1, 872, 714, 1250, 1050, 2, 725, 787, 887, 849
0, 532, 789, 674, 858, 1, 872, 715, 1250, 1050, 2, 738, 786, 895, 850
0, 529, 789, 674, 861, 1, 872, 715, 1250, 1050, 2, 747, 785, 897, 850
0, 530, 789, 674, 861, 1, 872, 715, 1250, 1050, 2, 760, 785, 893, 850
0, 528, 789, 676, 862, 1, 871, 715, 1250, 1050, 2, 770, 786, 899, 849
0, 527, 790, 677, 862, 1, 871, 715, 1250, 1050, 2, 779, 785, 907, 851
0, 753, 791, 804, 825, 1, 871, 715, 1250, 1050, 2, 788, 785, 923, 852, 3, 527, 789, 677, 861
0, 798, 785, 931, 851, 2, 872, 715, 1250, 1050, 3, 528, 789, 676, 861, 1, 752, 791, 802, 825
0, 751, 791, 803, 824, 1, 872, 715, 1250, 1050, 2, 807, 785, 932, 851, 3, 530, 789, 677, 860
0, 751, 790, 801, 824, 2, 872, 715, 1250, 1050, 1, 530, 790, 680, 859, 3, 815, 785, 944, 850
0, 825, 784, 951, 850, 2, 872, 715, 1250, 1050, 3, 531, 789, 682, 859, 1, 752, 791, 798, 824
0, 838, 785, 953, 848, 2, 872, 715, 1250, 1049, 3, 534, 789, 681, 860
0, 848, 782, 973, 850, 2, 872, 715, 1250, 1049
0, 534, 788, 682, 857, 2, 871, 715, 1250, 1049
0, 535, 788, 682, 857, 2, 871, 715, 1249, 1049
0, 536, 788, 679, 858, 2, 871, 715, 1249, 1049
0, 536, 788, 682, 858
0, 534, 790, 684, 856, 1, 871, 715, 1247, 1047
0, 535, 790, 684, 857, 1, 871, 715, 1246, 1047
0, 592, 792, 687, 857
0, 536, 790, 684, 859
0, 607, 791, 685, 852, 1, 870, 714, 1246, 1047
0, 538, 791, 686, 858, 1, 870, 714, 1246, 1046
0, 537, 790, 687, 858, 1, 870, 714, 1247, 1047
0, 537, 789, 687, 858, 1, 870, 714, 1246, 1047
0, 537, 790, 687, 857, 1, 870, 714, 1246, 1047
0, 537, 789, 688, 857
0, 580, 790, 690, 856, 1, 870, 714, 1250, 1047
0, 543, 789, 690, 857, 1, 869, 714, 1254, 1047
0, 582, 789, 693, 857, 1, 870, 714, 1255, 1047
0, 587, 790, 694, 857, 2, 870, 715, 1256, 1050, 1, 1118, 772, 1289, 835
0, 588, 789, 697, 858, 2, 871, 715, 1255, 1049, 1, 1112, 764, 1300, 837
0, 587, 789, 697, 859, 2, 871, 715, 1254, 1050, 1, 1131, 763, 1309, 837
0, 539, 789, 699, 859, 2, 871, 716, 1253, 1050, 1, 1146, 759, 1324, 837
0, 537, 788, 698, 860, 2, 871, 715, 1252, 1050, 1, 1163, 757, 1340, 837
0, 538, 789, 702, 859, 2, 871, 715, 1252, 1050, 1, 1170, 757, 1357, 836
0, 540, 789, 704, 859, 2, 871, 715, 1252, 1049, 1, 1172, 756, 1374, 836
0, 541, 788, 708, 859, 2, 871, 715, 1252, 1049, 1, 1188, 755, 1387, 837
0, 544, 789, 709, 860, 2, 871, 715, 1253, 1049, 1, 1187, 754, 1403, 836
0, 547, 788, 711, 861, 2, 871, 715, 1253, 1049, 1, 1190, 752, 1411, 836
0, 1198, 752, 1421, 837, 1, 871, 715, 1252, 1049, 2, 551, 788, 709, 861
0, 1205, 750, 1452, 838, 1, 871, 715, 1252, 1049, 2, 553, 788, 712, 861
0, 1215, 749, 1463, 837, 1, 871, 715, 1252, 1049, 2, 556, 789, 713, 862
0, 1238, 749, 1483, 834, 1, 871, 715, 1252, 1049, 2, 559, 789, 715, 861
0, 1261, 747, 1493, 833, 1, 871, 715, 1251, 1049, 2, 562, 789, 717, 861
0, 1275, 744, 1486, 830, 1, 871, 715, 1250, 1049, 2, 585, 790, 715, 862
0, 609, 792, 720, 859, 1, 871, 715, 1250, 1049, 2, 571, 790, 724, 861
0, 608, 792, 722, 860, 1, 871, 715, 1250, 1049, 2, 569, 789, 725, 861
0, 1318, 739, 1521, 823, 1, 871, 715, 1250, 1049
0, 578, 790, 727, 863, 1, 871, 716, 1250, 1049
0, 573, 789, 730, 863, 1, 871, 715, 1250, 1050
0, 571, 788, 729, 862, 1, 871, 715, 1250, 1050
0, 569, 788, 732, 862, 1, 871, 715, 1250, 1050
0, 569, 788, 734, 863, 1, 871, 715, 1250, 1050
0, 569, 788, 736, 862, 1, 871, 715, 1250, 1050
0, 577, 789, 739, 862, 1, 870, 715, 1250, 1050
0, 582, 788, 741, 862, 1, 870, 715, 1250, 1050
0, 585, 788, 741, 862, 1, 870, 715, 1250, 1050
0, 586, 788, 744, 862, 1, 871, 715, 1249, 1050
0, 594, 789, 746, 863, 1, 871, 715, 1250, 1050
0, 595, 790, 749, 862, 1, 871, 715, 1250, 1050
0, 599, 791, 752, 864, 1, 870, 715, 1250, 1050
0, 597, 790, 754, 865, 1, 870, 715, 1250, 1050
0, 597, 791, 754, 865, 1, 870, 715, 1250, 1050
0, 597, 791, 756, 865, 1, 870, 715, 1250, 1050
0, 597, 789, 757, 865, 1, 870, 715, 1250, 1050
0, 598, 790, 759, 866, 1, 870, 715, 1250, 1050
0, 599, 789, 760, 867, 1, 870, 715, 1250, 1050
0, 601, 790, 762, 866, 1, 870, 715, 1250, 1050
0, 604, 791, 764, 867, 1, 870, 715, 1250, 1050
0, 602, 791, 765, 866, 1, 870, 715, 1250, 1050
0, 602, 791, 766, 867, 1, 870, 715, 1250, 1050
0, 606, 791, 769, 867, 1, 870, 715, 1250, 1051
0, 606, 791, 770, 867, 1, 870, 715, 1250, 1051
0, 608, 791, 771, 868, 1, 870, 715, 1250, 1051
0, 610, 791, 774, 869, 1, 871, 715, 1247, 1048
0, 614, 791, 774, 869, 1, 870, 714, 1247, 1047
0, 617, 790, 776, 870, 1, 870, 714, 1249, 1050
0, 623, 790, 778, 870, 1, 870, 715, 1249, 1050
0, 625, 791, 778, 870, 1, 870, 715, 1249, 1051
0, 626, 791, 779, 871, 1, 870, 715, 1250, 1051
0, 627, 791, 779, 871, 1, 870, 715, 1249, 1050
0, 630, 791, 780, 871, 1, 870, 715, 1249, 1050
0, 632, 791, 779, 872, 1, 870, 715, 1250, 1050
0, 633, 790, 779, 872, 1, 870, 715, 1249, 1050
0, 633, 791, 780, 872, 1, 870, 715, 1249, 1050
0, 633, 791, 780, 872, 1, 870, 715, 1249, 1050
0, 635, 791, 781, 873, 1, 870, 715, 1250, 1050
0, 638, 791, 782, 873, 1, 871, 715, 1247, 1048
0, 640, 790, 782, 873, 1, 871, 714, 1247, 1047
0, 643, 791, 782, 875, 1, 871, 714, 1247, 1047
0, 643, 791, 783, 876, 1, 871, 714, 1247, 1047
0, 645, 791, 783, 876, 1, 871, 714, 1247, 1047
1, 871, 714, 1247, 1047, 0, 646, 791, 784, 877
1, 489, 792, 575, 843, 0, 646, 791, 784, 877
1, 484, 792, 578, 845, 0, 647, 791, 784, 877, 2, 871, 714, 1247, 1047
1, 484, 793, 581, 845, 0, 651, 791, 783, 877, 2, 871, 714, 1249, 1049
1, 490, 795, 584, 846, 0, 652, 791, 784, 877, 2, 871, 715, 1249, 1050
0, 491, 795, 587, 847, 1, 871, 715, 1249, 1050, 2, 653, 791, 783, 878
0, 486, 792, 590, 848, 1, 871, 715, 1249, 1050, 2, 656, 791, 782, 878
1, 486, 791, 593, 849, 0, 656, 791, 782, 878, 2, 871, 715, 1250, 1050
0, 488, 789, 595, 850, 1, 871, 715, 1249, 1050, 2, 657, 791, 781, 878
0, 485, 787, 597, 850, 1, 871, 715, 1249, 1050, 2, 658, 792, 781, 878
0, 488, 785, 601, 851, 1, 871, 715, 1250, 1050, 2, 659, 792, 779, 878
0, 494, 787, 606, 851, 1, 871, 715, 1249, 1050, 2, 659, 792, 778, 879
0, 491, 784, 611, 851, 1, 871, 715, 1250, 1050, 2, 659, 792, 777, 880
1, 492, 782, 614, 851, 0, 660, 792, 777, 880, 2, 871, 715, 1249, 1050
1, 501, 784, 618, 851, 0, 661, 792, 775, 880, 2, 871, 715, 1249, 1050
1, 494, 781, 621, 852, 0, 661, 792, 774, 880, 2, 871, 715, 1249, 1050
1, 497, 783, 623, 851, 0, 661, 792, 773, 881, 2, 871, 715, 1250, 1050
1, 496, 783, 626, 852, 0, 661, 792, 772, 881, 2, 871, 715, 1249, 1050
0, 658, 793, 770, 881, 1, 871, 715, 1249, 1050
0, 657, 792, 771, 881, 1, 871, 715, 1250, 1050
0, 654, 792, 770, 883, 1, 871, 715, 1250, 1050
1, 871, 715, 1249, 1050, 0, 653, 792, 767, 883
1, 871, 715, 1249, 1050, 0, 648, 792, 765, 884
1, 871, 714, 1246, 1046, 0, 647, 792, 763, 884
1, 871, 714, 1246, 1047, 0, 645, 792, 763, 885
0, 644, 793, 760, 884, 1, 871, 714, 1246, 1046
0, 641, 793, 759, 885, 1, 871, 714, 1246, 1046
0, 638, 793, 758, 886, 1, 871, 714, 1246, 1046
0, 636, 793, 757, 886, 1, 870, 714, 1246, 1046
0, 633, 790, 757, 887, 1, 870, 714, 1246, 1046
0, 629, 789, 758, 888, 1, 871, 714, 1246, 1046
0, 629, 790, 758, 889, 1, 871, 714, 1246, 1046
0, 625, 789, 760, 889, 1, 871, 714, 1246, 1046
0, 620, 789, 760, 890, 1, 871, 714, 1246, 1046
0, 561, 783, 758, 885, 2, 871, 714, 1246, 1046
0, 612, 788, 761, 891, 1, 871, 714, 1247, 1046
0, 608, 787, 760, 892, 1, 871, 714, 1247, 1046
0, 604, 786, 760, 892, 1, 871, 714, 1247, 1046
0, 601, 786, 758, 894, 1, 871, 714, 1247, 1046
0, 598, 785, 757, 894, 1, 871, 714, 1247, 1046
0, 594, 785, 758, 895, 1, 870, 715, 1249, 1049
0, 591, 785, 757, 897, 1, 871, 715, 1250, 1049
0, 591, 785, 752, 897, 1, 870, 715, 1250, 1050
0, 699, 798, 771, 850, 1, 871, 715, 1250, 1050
0, 681, 794, 778, 852, 1, 870, 716, 1250, 1050, 2, 584, 785, 752, 900
0, 677, 792, 783, 855, 1, 870, 715, 1250, 1050
0, 664, 787, 787, 857, 1, 871, 715, 1247, 1047, 2, 574, 785, 748, 901
0, 664, 786, 796, 857, 1, 870, 715, 1247, 1047, 2, 568, 784, 746, 902
0, 664, 785, 804, 859, 1, 870, 715, 1250, 1050, 2, 563, 784, 745, 902
0, 666, 783, 811, 860, 1, 870, 715, 1248, 1047, 2, 561, 785, 740, 905
0, 666, 782, 822, 861, 1, 870, 715, 1247, 1047, 2, 555, 786, 735, 907
0, 666, 783, 828, 861, 1, 871, 715, 1247, 1047, 2, 547, 787, 739, 906
0, 668, 781, 836, 862, 1, 870, 715, 1250, 1049, 2, 542, 787, 738, 906
0, 678, 781, 845, 863, 1, 871, 715, 1250, 1049, 2, 537, 787, 737, 908
0, 683, 780, 853, 863, 1, 871, 715, 1250, 1049, 2, 532, 787, 735, 910
0, 685, 779, 860, 864, 1, 871, 715, 1251, 1048, 2, 527, 787, 734, 911
0, 686, 779, 871, 864, 1, 871, 715, 1250, 1048, 2, 519, 787, 734, 913
0, 684, 778, 877, 864, 1, 870, 715, 1251, 1048, 2, 514, 787, 730, 914
0, 688, 778, 883, 864, 1, 870, 715, 1251, 1048, 2, 507, 787, 728, 915
0, 690, 777, 892, 864, 1, 871, 715, 1250, 1049, 2, 499, 787, 725, 915
0, 697, 777, 898, 865, 1, 871, 716, 1251, 1049, 2, 491, 787, 721, 916
0, 704, 776, 900, 865, 1, 871, 716, 1251, 1049, 2, 484, 787, 717, 920
0, 711, 776, 899, 866, 1, 870, 716, 1251, 1049, 2, 480, 787, 713, 921
0, 475, 786, 711, 924, 2, 870, 716, 1250, 1049, 1, 721, 776, 898, 867
0, 467, 786, 706, 927, 2, 870, 716, 1250, 1049, 1, 728, 776, 904, 866
0, 738, 776, 918, 866, 1, 870, 716, 1250, 1049, 2, 458, 787, 704, 928
0, 450, 788, 703, 930, 2, 870, 716, 1250, 1049, 1, 743, 777, 924, 865
0, 440, 787, 697, 932, 2, 870, 716, 1250, 1049, 1, 748, 776, 935, 865
0, 760, 776, 938, 866, 1, 870, 716, 1250, 1049, 2, 435, 787, 693, 933
0, 772, 776, 940, 866, 1, 870, 716, 1250, 1049, 2, 426, 786, 690, 935
0, 778, 776, 939, 866, 1, 870, 716, 1250, 1049, 2, 417, 787, 688, 938
0, 787, 776, 939, 866, 1, 870, 716, 1250, 1049, 2, 410, 787, 683, 939
0, 798, 776, 942, 865, 1, 870, 716, 1250, 1049, 2, 400, 784, 681, 943
0, 807, 777, 946, 865, 1, 871, 716, 1250, 1049, 2, 390, 785, 679, 943
0, 382, 787, 673, 946, 1, 870, 716, 1250, 1049
0, 368, 785, 670, 945, 1, 870, 715, 1250, 1049
0, 358, 784, 666, 947, 1, 870, 715, 1247, 1046
0, 348, 784, 660, 950, 1, 869, 715, 1247, 1046
0, 338, 785, 659, 950, 1, 869, 715, 1247, 1045
0, 324, 784, 655, 952, 1, 869, 715, 1247, 1045
0, 313, 783, 650, 953, 1, 869, 715, 1249, 1048
0, 301, 782, 643, 955, 1, 871, 716, 1249, 1048
0, 291, 781, 639, 960, 1, 871, 716, 1249, 1048
0, 279, 781, 636, 963, 1, 872, 716, 1249, 1049
0, 266, 780, 631, 963, 1, 872, 716, 1249, 1049
0, 250, 779, 625, 965, 1, 871, 716, 1250, 1048
0, 237, 778, 621, 966, 1, 871, 716, 1250, 1048
0, 224, 777, 621, 966, 1, 872, 716, 1250, 1048
0, 208, 775, 610, 969, 1, 871, 716, 1249, 1048
0, 197, 772, 605, 973, 1, 871, 716, 1250, 1048
0, 179, 770, 598, 975, 1, 871, 716, 1250, 1049
0, 168, 773, 595, 974, 1, 870, 715, 1253, 1047
0, 145, 772, 591, 975, 1, 870, 715, 1258, 1046
0, 1107, 772, 1280, 844, 1, 871, 715, 1257, 1047
0, 1114, 774, 1292, 849, 1, 871, 714, 1254, 1047, 2, 116, 767, 579, 979
0, 1108, 760, 1308, 848, 1, 870, 714, 1254, 1049, 2, 103, 764, 571, 979
0, 1124, 755, 1317, 850, 1, 870, 715, 1254, 1050, 2, 93, 762, 561, 979
0, 1136, 752, 1333, 852, 1, 871, 715, 1253, 1049, 2, 65, 758, 555, 985
0, 1148, 752, 1347, 851, 1, 871, 715, 1253, 1049, 2, 58, 758, 545, 983
0, 1155, 752, 1359, 853, 1, 870, 715, 1253, 1049, 2, 65, 758, 535, 981
0, 1161, 749, 1370, 852, 1, 870, 715, 1253, 1049, 2, 25, 757, 536, 985
0, 653, 790, 693, 819, 1, 870, 715, 1253, 1049, 2, 14, 755, 522, 986
0, 646, 790, 693, 819, 1, 870, 715, 1252, 1049, 2, 17, 751, 506, 984, 3, 1168, 748, 1392, 853
0, 649, 791, 694, 819, 1, 870, 715, 1252, 1049, 2, 18, 748, 497, 983, 3, 1182, 748, 1402, 854
0, 650, 791, 694, 819, 2, 870, 715, 1252, 1049, 1, 1174, 746, 1422, 852, 3, 0, 747, 492, 982
0, 647, 790, 693, 819, 2, 869, 715, 1253, 1050, 1, 1175, 744, 1434, 854, 3, 1, 745, 480, 984
0, 644, 790, 693, 820, 1, 869, 715, 1253, 1049, 2, 4, 744, 466, 986, 3, 1170, 743, 1449, 854
0, 645, 791, 693, 820, 2, 870, 715, 1253, 1049, 1, 1184, 743, 1456, 853, 3, 0, 742, 452, 987
0, 0, 739, 443, 986, 2, 869, 715, 1253, 1049, 1, 1198, 740, 1475, 854
0, 0, 736, 433, 986, 2, 870, 715, 1253, 1049, 1, 1208, 738, 1489, 854
0, 447, 788, 533, 833, 1, 870, 715, 1253, 1049, 2, 0, 733, 415, 986
0, 1, 725, 401, 993, 2, 870, 715, 1252, 1049, 1, 1244, 735, 1495, 849
0, 0, 723, 388, 993, 2, 870, 715, 1253, 1049, 1, 1264, 733, 1498, 845
0, 1265, 728, 1510, 845, 1, 870, 715, 1252, 1049, 2, 2, 720, 373, 992
0, 1267, 728, 1521, 844, 1, 870, 715, 1253, 1050
0, 1280, 725, 1511, 843, 1, 870, 715, 1253, 1050
0, 1319, 725, 1544, 840, 1, 870, 715, 1252, 1047
0, 0, 714, 303, 983, 1, 869, 715, 1253, 1047
0, 0, 739, 283, 978
0, 0, 707, 264, 978
0, 0, 735, 241, 977
0, 539, 792, 602, 835, 1, 870, 714, 1252, 1047
0, 539, 793, 610, 837, 1, 870, 715, 1251, 1049
0, 531, 791, 617, 838
0, 522, 790, 624, 840, 1, 870, 715, 1251, 1050
0, 530, 790, 629, 841, 1, 870, 715, 1251, 1050
0, 538, 790, 635, 842, 1, 870, 714, 1248, 1048
0, 542, 789, 642, 843, 1, 869, 714, 1251, 1050
0, 542, 789, 651, 843, 1, 870, 714, 1248, 1047
0, 563, 791, 660, 840, 1, 870, 714, 1248, 1047
0, 597, 791, 670, 838, 1, 870, 714, 1248, 1047
0, 551, 789, 670, 845, 1, 870, 714, 1248, 1048
0, 556, 789, 676, 845, 1, 870, 714, 1248, 1048
0, 612, 789, 693, 839, 1, 870, 714, 1248, 1048
0, 580, 789, 688, 845, 1, 870, 714, 1248, 1048
0, 583, 789, 683, 846, 1, 870, 714, 1247, 1047
0, 589, 789, 702, 846, 1, 870, 714, 1250, 1049
0, 602, 788, 724, 847, 1, 870, 715, 1250, 1050
0, 605, 788, 731, 847, 1, 870, 715, 1250, 1050
0, 609, 788, 742, 847, 1, 870, 715, 1251, 1050
0, 615, 790, 745, 847, 1, 870, 715, 1251, 1050
0, 617, 789, 744, 847, 1, 869, 715, 1252, 1050
0, 624, 790, 733, 848, 1, 869, 715, 1252, 1051
0, 634, 789, 765, 849, 1, 869, 716, 1251, 1051
0, 646, 790, 776, 850, 1, 870, 716, 1251, 1050
0, 651, 788, 796, 850, 1, 871, 716, 1248, 1048
0, 653, 789, 796, 851, 1, 870, 716, 1248, 1047
0, 660, 789, 807, 851, 1, 870, 716, 1249, 1047
0, 670, 788, 822, 850, 1, 870, 716, 1252, 1049
0, 624, 791, 665, 819, 1, 870, 717, 1253, 1050
0, 625, 791, 667, 819, 1, 870, 717, 1253, 1050
0, 625, 791, 670, 819, 1, 869, 717, 1253, 1050, 2, 696, 784, 853, 851
0, 626, 791, 676, 819, 1, 868, 718, 1253, 1049, 2, 701, 783, 866, 853
0, 625, 791, 672, 819, 1, 868, 718, 1253, 1049, 2, 703, 782, 878, 854, 3, 644, 791, 694, 820
0, 625, 791, 671, 819, 1, 867, 716, 1255, 1052, 2, 710, 783, 889, 853
0, 624, 791, 671, 819, 1, 867, 716, 1256, 1052, 2, 733, 787, 892, 852
0, 624, 791, 671, 819, 1, 866, 716, 1256, 1053
0, 624, 791, 668, 819, 1, 866, 717, 1257, 1052
0, 624, 791, 667, 820, 1, 865, 716, 1257, 1053
0, 623, 791, 662, 819, 1, 864, 716, 1258, 1053
0, 623, 791, 659, 819, 1, 865, 719, 1257, 1050
0, 623, 791, 659, 819, 1, 863, 716, 1259, 1054
0, 797, 795, 891, 855
0, 812, 788, 900, 854
0, 623, 791, 660, 818
0, 622, 791, 659, 818
0, 622, 791, 660, 819
0, 861, 718, 1261, 1051
0, 862, 718, 1261, 1050
0, 862, 719, 1262, 1049
0, 862, 719, 1263, 1049
0, 862, 719, 1263, 1050
0, 862, 719, 1264, 1049
0, 863, 719, 1264, 1049
0, 864, 718, 1261, 1046
0, 634, 788, 718, 827
0, 864, 718, 1262, 1047
0, 864, 718, 1262, 1047
0, 864, 718, 1261, 1047
0, 864, 718, 1261, 1047
0, 626, 787, 714, 828
0, 864, 718, 1262, 1047
0, 864, 718, 1262, 1048
0, 862, 719, 1268, 1053
0, 615, 785, 703, 827
0, 611, 785, 702, 827
0, 1119, 769, 1300, 842, 1, 861, 716, 1269, 1060, 2, 607, 786, 701, 826
0, 607, 786, 699, 827, 2, 862, 716, 1269, 1061
0, 608, 788, 697, 826, 2, 862, 717, 1268, 1060
0, 1168, 768, 1342, 840, 2, 862, 716, 1268, 1060
0, 604, 788, 691, 825, 2, 862, 716, 1268, 1060
0, 1196, 765, 1371, 840, 2, 861, 716, 1268, 1060
0, 1193, 763, 1387, 842, 2, 862, 716, 1268, 1059
0, 1197, 760, 1402, 841, 2, 862, 717, 1268, 1059
0, 1205, 757, 1413, 843, 2, 861, 716, 1269, 1060
0, 1209, 757, 1429, 844, 2, 861, 717, 1269, 1060
0, 1209, 755, 1442, 844, 2, 861, 717, 1269, 1060
0, 1235, 752, 1459, 839, 2, 861, 717, 1268, 1059
0, 1230, 753, 1475, 841, 2, 861, 717, 1269, 1059
0, 1258, 750, 1492, 837, 2, 861, 717, 1269, 1060
0, 1281, 750, 1505, 839, 2, 861, 717, 1268, 1060
0, 1291, 749, 1514, 835, 2, 861, 717, 1268, 1059
0, 1306, 748, 1515, 835, 2, 861, 717, 1268, 1059
0, 1314, 746, 1531, 834, 2, 863, 720, 1266, 1055
0, 568, 786, 642, 822, 2, 863, 719, 1266, 1054
0, 565, 785, 642, 823
0, 564, 784, 644, 824, 1, 862, 719, 1266, 1055
0, 564, 784, 641, 824, 1, 863, 719, 1263, 1050
0, 562, 784, 640, 823
0, 560, 785, 641, 824, 1, 863, 718, 1263, 1049
0, 1432, 727, 1638, 820, 1, 862, 718, 1265, 1053
0, 1449, 728, 1644, 818, 1, 864, 718, 1263, 1050
0, 557, 786, 633, 823
0, 650, 791, 691, 821, 1, 862, 717, 1266, 1054
0, 652, 791, 691, 820
0, 653, 791, 690, 820
0, 653, 791, 690, 820
0, 548, 784, 614, 823
0, 543, 785, 613, 823
0, 653, 791, 691, 820, 1, 863, 719, 1266, 1055, 2, 541, 784, 614, 824
0, 539, 784, 611, 823, 2, 863, 719, 1266, 1055, 1, 653, 790, 691, 820
0, 540, 785, 610, 822, 2, 863, 719, 1266, 1055
0, 538, 785, 610, 822, 2, 863, 719, 1266, 1054
0, 536, 785, 613, 824, 2, 863, 719, 1266, 1054
0, 653, 792, 691, 820, 2, 863, 719, 1266, 1054
0, 654, 792, 690, 820, 2, 863, 719, 1266, 1054
0, 654, 792, 690, 820
0, 653, 792, 691, 820, 1, 863, 719, 1266, 1054
0, 652, 791, 691, 820, 1, 863, 719, 1266, 1055
0, 652, 792, 690, 820, 1, 863, 719, 1266, 1055
0, 653, 792, 690, 820, 1, 863, 719, 1266, 1054
0, 653, 792, 690, 820, 1, 863, 719, 1266, 1054
0, 653, 792, 690, 820, 1, 863, 719, 1266, 1054
0, 653, 792, 690, 820, 1, 863, 719, 1266, 1054
0, 653, 792, 690, 820, 1, 863, 719, 1266, 1054
0, 654, 792, 689, 820
0, 654, 792, 690, 820, 1, 864, 718, 1263, 1048
0, 654, 792, 690, 820, 1, 864, 718, 1263, 1048
0, 654, 792, 691, 821
0, 655, 792, 692, 821, 1, 864, 718, 1263, 1049
0, 655, 792, 692, 821, 1, 864, 718, 1263, 1048
0, 864, 718, 1262, 1048
0, 863, 719, 1265, 1054
0, 864, 718, 1262, 1048
0, 864, 718, 1262, 1048
0, 864, 718, 1262, 1047
0, 623, 793, 657, 818
0, 623, 793, 657, 818
0, 623, 793, 656, 818
0, 623, 793, 656, 818
0, 623, 793, 658, 818
0, 623, 793, 659, 819
0, 623, 793, 659, 819
0, 623, 793, 658, 819
0, 863, 718, 1271, 1049
0, 863, 718, 1268, 1049
0, 863, 718, 1268, 1049
0, 863, 718, 1268, 1049
0, 862, 718, 1272, 1050
0, 863, 718, 1267, 1050
0, 863, 718, 1268, 1050
0, 863, 718, 1265, 1049
0, 863, 718, 1268, 1050
0, 863, 718, 1267, 1050
0, 863, 718, 1264, 1050
0, 863, 718, 1262, 1050
0, 863, 719, 1265, 1055
0, 631, 787, 728, 828
0, 629, 786, 725, 828, 1, 863, 719, 1265, 1055
0, 630, 787, 718, 827
0, 627, 787, 717, 828, 1, 862, 717, 1266, 1059
0, 626, 786, 716, 828, 1, 862, 717, 1267, 1060
0, 627, 786, 717, 827, 1, 862, 717, 1267, 1060
0, 627, 786, 711, 828, 1, 862, 717, 1267, 1060
0, 627, 787, 709, 828, 1, 862, 717, 1267, 1060
0, 627, 787, 706, 827, 1, 862, 717, 1266, 1060
0, 623, 787, 705, 827, 1, 862, 717, 1266, 1059
0, 619, 786, 706, 827, 1, 862, 717, 1267, 1059
0, 616, 786, 703, 826, 1, 862, 717, 1267, 1059
0, 615, 785, 701, 826, 1, 862, 717, 1267, 1059
0, 610, 784, 698, 826, 1, 862, 717, 1267, 1059
0, 607, 784, 698, 826, 1, 862, 717, 1267, 1059
0, 604, 783, 696, 826, 1, 862, 717, 1268, 1059
0, 605, 783, 692, 825, 1, 862, 717, 1268, 1059
0, 604, 783, 689, 825, 1, 863, 719, 1266, 1055
0, 603, 785, 687, 825
0, 603, 785, 686, 824, 1, 863, 719, 1266, 1054
0, 604, 786, 684, 824, 1, 863, 719, 1266, 1054
0, 602, 784, 685, 824, 1, 863, 719, 1266, 1054
0, 601, 785, 685, 824, 1, 862, 716, 1268, 1058
0, 862, 717, 1268, 1058
0, 862, 717, 1268, 1058
0, 863, 719, 1266, 1054
0, 863, 719, 1266, 1055
0, 587, 787, 659, 824
0, 628, 789, 685, 821, 1, 862, 716, 1268, 1059
0, 618, 789, 683, 822, 1, 863, 719, 1267, 1055
0, 650, 790, 690, 821
0, 582, 786, 656, 823
0, 653, 791, 691, 820, 1, 863, 719, 1267, 1055, 2, 582, 784, 656, 823
0, 654, 791, 691, 820, 1, 862, 716, 1268, 1059, 2, 582, 785, 654, 823
0, 579, 784, 652, 823, 2, 863, 719, 1267, 1055, 1, 654, 791, 691, 820
0, 578, 783, 653, 824, 2, 863, 719, 1266, 1055, 1, 653, 791, 691, 820
0, 576, 783, 650, 823, 2, 863, 719, 1266, 1054
0, 653, 791, 691, 820, 2, 863, 719, 1266, 1055
0, 653, 791, 691, 820
0, 654, 791, 690, 820
0, 571, 784, 642, 823
0, 654, 792, 691, 820
0, 654, 792, 690, 820
0, 654, 792, 691, 820
0, 655, 792, 690, 820
0, 654, 792, 690, 820
0, 654, 792, 690, 820
0, 655, 792, 690, 820
0, 654, 792, 690, 820
0, 654, 792, 690, 820
0, 654, 792, 690, 820
0, 654, 792, 690, 820
0, 654, 792, 690, 820
0, 863, 719, 1266, 1055
0, 863, 719, 1266, 1055
0, 654, 792, 689, 820
0, 863, 719, 1266, 1055
0, 654, 791, 690, 820
0, 549, 783, 614, 823
0, 652, 792, 689, 820, 1, 863, 719, 1266, 1054
0, 653, 792, 689, 820, 1, 863, 719, 1266, 1054
0, 653, 792, 689, 820, 1, 863, 719, 1266, 1054
0, 652, 792, 689, 820, 1, 863, 719, 1266, 1054
0, 547, 783, 610, 821
0, 546, 781, 610, 821, 1, 863, 719, 1266, 1054
0, 545, 781, 608, 821, 1, 863, 719, 1266, 1054
0, 544, 781, 606, 821, 1, 863, 719, 1266, 1054
0, 545, 781, 605, 820, 1, 863, 719, 1266, 1054
0, 545, 780, 605, 821, 1, 863, 719, 1266, 1054
0, 544, 781, 603, 820, 1, 863, 719, 1266, 1054
0, 543, 781, 602, 820, 1, 863, 719, 1266, 1054
0, 651, 791, 689, 820
0, 651, 792, 689, 820
0, 863, 719, 1266, 1054
0, 652, 792, 689, 820
0, 652, 792, 689, 820
0, 652, 792, 689, 820
0, 651, 791, 689, 820
0, 651, 791, 689, 820
0, 651, 791, 690, 820
0, 651, 791, 689, 820
0, 651, 792, 689, 820
0, 652, 792, 689, 820
0, 652, 792, 689, 820
0, 863, 719, 1266, 1054
0, 863, 719, 1266, 1054
0, 863, 719, 1266, 1054
0, 650, 792, 689, 820
0, 864, 718, 1263, 1048
0, 651, 792, 690, 820
0, 650, 792, 690, 820
0, 651, 792, 690, 820
0, 651, 792, 690, 820
0, 650, 792, 690, 820
0, 650, 792, 689, 820
0, 648, 792, 689, 820
0, 649, 792, 689, 820
0, 651, 792, 689, 820
0, 651, 792, 689, 820
0, 651, 792, 690, 820
0, 650, 792, 690, 820
0, 649, 792, 690, 820
0, 649, 792, 690, 821
0, 650, 792, 690, 821, 1, 863, 719, 1266, 1054
0, 650, 792, 690, 821, 1, 863, 719, 1266, 1054
0, 650, 792, 690, 821, 1, 863, 719, 1266, 1054
0, 650, 792, 690, 820, 1, 863, 719, 1266, 1054
0, 651, 792, 690, 821, 1, 864, 719, 1264, 1050
0, 652, 792, 691, 821, 1, 863, 718, 1266, 1054
0, 651, 792, 690, 821, 1, 863, 719, 1266, 1054
0, 650, 792, 690, 821, 1, 863, 719, 1266, 1054
0, 650, 792, 690, 820, 1, 864, 719, 1264, 1050
0, 652, 792, 690, 820, 1, 863, 718, 1266, 1053
0, 650, 792, 690, 820, 1, 863, 719, 1266, 1054
0, 650, 792, 690, 821, 1, 864, 719, 1263, 1050
0, 650, 792, 691, 821, 1, 863, 718, 1266, 1053
0, 650, 792, 691, 821, 1, 863, 719, 1266, 1054
0, 650, 792, 691, 821, 1, 864, 719, 1263, 1050
0, 622, 792, 670, 819, 1, 864, 718, 1264, 1049
0, 650, 791, 691, 820, 1, 864, 718, 1264, 1049
0, 622, 791, 669, 819
0, 621, 791, 670, 819
0, 622, 791, 670, 819, 1, 864, 718, 1263, 1050
0, 622, 791, 668, 819, 1, 864, 718, 1263, 1049
0, 631, 791, 690, 820
0, 630, 791, 689, 820
0, 631, 791, 689, 820
0, 622, 791, 672, 819, 1, 864, 717, 1262, 1049
0, 622, 791, 671, 819
0, 635, 791, 690, 820
0, 650, 791, 690, 820, 1, 864, 717, 1262, 1048
0, 622, 791, 669, 819
0, 621, 791, 670, 819, 1, 864, 717, 1261, 1048
0, 650, 792, 690, 820, 1, 864, 717, 1260, 1048
0, 650, 792, 691, 820, 1, 863, 718, 1262, 1052
0, 621, 792, 667, 819
0, 622, 792, 667, 819, 1, 864, 719, 1261, 1053
0, 622, 791, 669, 819, 1, 864, 719, 1261, 1053
0, 635, 791, 689, 820
0, 633, 791, 689, 820
0, 633, 791, 689, 820
0, 631, 791, 689, 820
0, 622, 791, 669, 819
0, 634, 791, 690, 820
0, 622, 791, 667, 819, 1, 865, 719, 1254, 1056
0, 634, 791, 690, 820
0, 633, 791, 690, 820
0, 621, 791, 667, 819, 1, 866, 722, 1251, 1055
0, 652, 792, 691, 821, 1, 868, 722, 1249, 1055
0, 652, 792, 691, 821, 1, 868, 722, 1248, 1055
0, 651, 792, 691, 821, 1, 868, 722, 1246, 1055
0, 651, 792, 691, 821, 1, 869, 723, 1245, 1054
0, 652, 792, 691, 821, 1, 870, 724, 1243, 1053
0, 651, 792, 691, 821, 1, 870, 722, 1242, 1054
0, 622, 791, 669, 819, 1, 871, 723, 1240, 1053
0, 622, 791, 670, 819, 1, 872, 726, 1237, 1053
0, 621, 791, 670, 819, 1, 872, 727, 1236, 1051
0, 652, 792, 691, 820, 1, 873, 730, 1231, 1047
0, 622, 791, 670, 819, 1, 872, 731, 1230, 1046
0, 621, 791, 672, 820, 1, 872, 731, 1229, 1045
0, 622, 791, 676, 820, 1, 872, 731, 1227, 1045, 3, 633, 791, 692, 821
0, 629, 791, 691, 822, 1, 874, 732, 1225, 1044
0, 630, 791, 691, 822, 1, 875, 732, 1223, 1045
0, 623, 791, 675, 820, 1, 877, 732, 1221, 1045, 3, 630, 791, 691, 821
0, 623, 791, 675, 820, 1, 878, 732, 1218, 1045, 3, 631, 791, 691, 821
0, 623, 791, 676, 820, 4, 880, 732, 1215, 1043
0, 623, 791, 678, 821, 4, 881, 733, 1212, 1041
0, 623, 791, 678, 821, 4, 882, 734, 1210, 1041, 5, 647, 792, 691, 822
0, 624, 791, 680, 820, 4, 883, 735, 1207, 1038, 5, 647, 792, 691, 822
0, 624, 791, 679, 820, 4, 884, 735, 1205, 1037, 5, 647, 792, 691, 822
0, 623, 791, 678, 820, 4, 884, 736, 1204, 1031, 5, 647, 792, 691, 822
0, 624, 791, 678, 820, 4, 884, 736, 1202, 1029
0, 624, 791, 678, 820, 4, 885, 737, 1200, 1027, 5, 648, 792, 691, 822
0, 624, 791, 679, 820, 4, 886, 738, 1198, 1026, 5, 647, 792, 691, 822
0, 624, 791, 679, 820, 4, 887, 739, 1196, 1025
0, 624, 791, 678, 820, 4, 887, 740, 1194, 1022
0, 624, 791, 678, 820, 4, 888, 742, 1191, 1020
0, 625, 791, 679, 820, 4, 889, 745, 1189, 1016
0, 623, 790, 682, 821, 4, 889, 745, 1187, 1016, 5, 645, 792, 692, 823
0, 623, 791, 682, 821, 4, 889, 746, 1185, 1012, 5, 645, 792, 691, 823
0, 622, 791, 675, 821, 4, 889, 747, 1183, 1011, 5, 646, 793, 690, 823
0, 623, 791, 676, 821, 4, 889, 750, 1182, 1008, 5, 645, 793, 690, 823
0, 621, 791, 676, 821, 5, 890, 751, 1181, 1006
0, 627, 792, 694, 824, 5, 891, 752, 1178, 1004
0, 634, 793, 694, 825, 5, 891, 753, 1176, 999
0, 623, 792, 678, 823, 5, 892, 753, 1174, 998
0, 623, 793, 676, 824, 5, 892, 752, 1172, 997
0, 621, 793, 674, 824, 5, 892, 753, 1170, 995, 6, 645, 796, 690, 826
0, 621, 793, 677, 825, 5, 892, 754, 1169, 994, 6, 641, 796, 690, 826
0, 620, 794, 675, 825, 5, 893, 756, 1165, 994, 6, 647, 796, 690, 828
0, 621, 794, 676, 826, 5, 893, 756, 1163, 993
0, 651, 798, 691, 829, 5, 893, 757, 1162, 992
0, 620, 794, 669, 826, 5, 894, 758, 1160, 991
0, 633, 795, 693, 827, 6, 897, 759, 1158, 988, 7, 619, 793, 674, 825
0, 620, 793, 682, 825, 5, 897, 759, 1158, 985, 6, 647, 796, 693, 828
0, 624, 793, 680, 824, 5, 898, 758, 1157, 985
0, 653, 795, 692, 825, 5, 899, 758, 1154, 984
0, 654, 796, 692, 826, 5, 899, 758, 1153, 981
0, 653, 795, 692, 825, 5, 899, 761, 1154, 976
0, 652, 796, 692, 825, 5, 900, 761, 1153, 976
0, 652, 796, 692, 825, 5, 901, 762, 1151, 975
0, 653, 797, 693, 828, 5, 902, 763, 1150, 974
0, 650, 798, 693, 829, 5, 903, 764, 1149, 973
0, 625, 796, 681, 827, 5, 903, 764, 1147, 973
0, 633, 797, 690, 830, 5, 902, 764, 1145, 972
0, 627, 797, 690, 830, 5, 900, 765, 1141, 969
0, 628, 797, 688, 830, 5, 899, 765, 1140, 969
0, 629, 798, 688, 830, 5, 899, 765, 1138, 967
0, 631, 798, 687, 830, 5, 898, 765, 1137, 967
0, 630, 797, 688, 829, 5, 899, 765, 1136, 967
0, 630, 797, 689, 830, 5, 900, 765, 1135, 968
0, 629, 795, 690, 830, 5, 902, 766, 1134, 968
0, 628, 794, 692, 830, 5, 902, 768, 1133, 968
0, 628, 795, 693, 830, 5, 903, 769, 1133, 968
0, 630, 796, 691, 831, 5, 902, 770, 1132, 968
0, 629, 796, 692, 830, 5, 902, 771, 1131, 968
0, 631, 799, 688, 831, 5, 901, 771, 1129, 968
0, 635, 800, 685, 831, 5, 901, 771, 1127, 968
0, 635, 800, 689, 832, 5, 900, 772, 1126, 969
0, 634, 801, 688, 834, 5, 898, 773, 1125, 969
0, 633, 802, 688, 834, 5, 896, 774, 1122, 968
0, 635, 800, 686, 834, 5, 895, 774, 1121, 967
0, 635, 800, 684, 831, 5, 894, 773, 1119, 964
0, 628, 796, 685, 831, 5, 895, 773, 1117, 961
0, 633, 796, 684, 831, 5, 895, 772, 1116, 958
0, 635, 797, 684, 830, 5, 895, 772, 1115, 959
0, 627, 795, 683, 831, 5, 894, 772, 1112, 959
0, 624, 797, 684, 831, 5, 892, 773, 1111, 960
0, 633, 796, 681, 830, 5, 890, 773, 1109, 959
0, 640, 798, 681, 828, 5, 890, 773, 1107, 956
0, 635, 797, 681, 830, 5, 889, 773, 1105, 956
0, 730, 800, 783, 835
0, 729, 800, 779, 835
0, 620, 794, 678, 828, 6, 885, 767, 1099, 952
0, 632, 796, 678, 830, 6, 884, 765, 1096, 950
0, 729, 801, 777, 834, 6, 882, 763, 1093, 947
0, 628, 796, 677, 829, 6, 879, 760, 1091, 946
0, 629, 795, 676, 828, 6, 877, 758, 1086, 945
0, 632, 797, 674, 830, 6, 877, 762, 1084, 944
0, 624, 795, 672, 828, 6, 874, 763, 1082, 944
0, 725, 800, 774, 834, 6, 873, 766, 1080, 944
0, 628, 797, 675, 831, 6, 874, 770, 1080, 946
0, 628, 795, 677, 829, 6, 874, 771, 1080, 946
0, 631, 796, 677, 829, 6, 874, 772, 1080, 947
0, 633, 796, 680, 828, 6, 874, 773, 1081, 948
0, 630, 792, 680, 825, 6, 873, 773, 1079, 945
0, 631, 792, 680, 824, 6, 872, 773, 1078, 942
0, 727, 798, 769, 829, 6, 871, 772, 1075, 941
0, 628, 790, 677, 821, 6, 868, 770, 1073, 940
0, 630, 790, 677, 820, 6, 867, 770, 1071, 940
0, 626, 790, 679, 823, 6, 866, 772, 1069, 938
0, 631, 792, 679, 825, 6, 863, 772, 1068, 939
0, 631, 793, 678, 826, 6, 863, 772, 1065, 941
0, 628, 794, 679, 828, 6, 862, 776, 1063, 942
0, 621, 797, 677, 833, 6, 862, 778, 1062, 943
0, 626, 800, 681, 836, 6, 862, 780, 1060, 945
0, 632, 807, 677, 839, 6, 860, 782, 1057, 946
0, 631, 812, 678, 843, 6, 857, 782, 1055, 948
0, 630, 810, 675, 840, 6, 854, 782, 1051, 945
0, 630, 810, 676, 841, 6, 851, 782, 1045, 941
0, 629, 809, 671, 839, 1, 847, 780, 1041, 940
0, 618, 798, 673, 836, 1, 841, 776, 1036, 935
0, 622, 803, 672, 838, 1, 838, 777, 1034, 935
0, 620, 800, 673, 838, 1, 837, 778, 1031, 935
0, 624, 799, 676, 836, 1, 837, 777, 1032, 934
0, 626, 801, 679, 837, 1, 838, 779, 1032, 936
0, 626, 798, 676, 836, 1, 838, 777, 1031, 936
0, 626, 798, 678, 837, 1, 838, 776, 1031, 935
0, 632, 796, 678, 832, 1, 838, 773, 1030, 929
0, 628, 798, 678, 836, 1, 837, 773, 1029, 928
0, 629, 797, 676, 834, 1, 835, 771, 1027, 928
0, 626, 796, 677, 833, 1, 832, 768, 1024, 927
0, 624, 797, 675, 835, 1, 826, 769, 1021, 926
0, 621, 797, 678, 836, 1, 825, 769, 1017, 926
0, 625, 799, 680, 838, 1, 823, 770, 1016, 925
0, 624, 803, 677, 840, 1, 822, 771, 1013, 925
0, 625, 806, 675, 843, 1, 821, 771, 1009, 925
0, 624, 811, 680, 850, 1, 819, 776, 1008, 927
0, 626, 809, 680, 848, 1, 818, 774, 1005, 928
0, 625, 813, 681, 852, 1, 815, 778, 1003, 926
0, 625, 811, 679, 850, 1, 815, 778, 1000, 927
0, 628, 813, 683, 852, 1, 814, 779, 1001, 927
0, 626, 813, 682, 852, 1, 813, 779, 997, 928
0, 628, 815, 683, 855, 1, 813, 782, 996, 928
0, 629, 811, 684, 851, 1, 813, 778, 993, 926
0, 756, 814, 810, 853, 1, 812, 779, 993, 925
0, 754, 817, 811, 860, 1, 808, 782, 991, 927
0, 630, 811, 687, 851, 1, 806, 779, 988, 926
0, 756, 817, 812, 861, 1, 804, 782, 987, 926, 2, 630, 814, 685, 854
0, 759, 818, 814, 861, 1, 802, 782, 985, 926
0, 630, 814, 688, 854, 1, 800, 782, 983, 925
0, 630, 815, 686, 856, 1, 798, 784, 982, 924
0, 631, 814, 684, 854, 1, 798, 784, 980, 923
0, 630, 815, 688, 856, 1, 799, 784, 979, 923
0, 627, 814, 683, 856, 1, 796, 784, 977, 921
0, 636, 818, 695, 860, 1, 797, 785, 978, 924
0, 408, 795, 492, 840, 1, 794, 785, 975, 924
0, 409, 799, 492, 844, 1, 793, 788, 972, 924
0, 405, 798, 491, 845, 1, 790, 788, 966, 926
0, 629, 823, 689, 865, 1, 781, 790, 963, 928
0, 623, 814, 686, 858, 1, 776, 787, 958, 924
0, 630, 812, 688, 856, 1, 779, 784, 956, 919
0, 631, 815, 694, 860, 1, 781, 785, 958, 920
0, 627, 804, 686, 850, 1, 777, 776, 954, 915
0, 625, 802, 684, 847, 1, 776, 773, 949, 910
0, 625, 805, 686, 851, 1, 776, 777, 946, 910
0, 626, 797, 692, 846, 1, 776, 769, 946, 908
0, 625, 791, 692, 841, 1, 777, 768, 942, 898
0, 624, 794, 686, 843, 1, 774, 767, 939, 899
0, 623, 790, 692, 841, 1, 772, 762, 936, 899
1, 773, 760, 935, 893, 0, 622, 790, 691, 839
1, 773, 763, 934, 894, 0, 623, 790, 690, 841
1, 770, 759, 931, 892, 0, 620, 790, 689, 840
0, 616, 788, 690, 839, 1, 769, 759, 930, 890
0, 620, 787, 692, 839, 1, 771, 758, 929, 888
1, 771, 759, 930, 889, 0, 620, 789, 690, 840
0, 617, 784, 691, 835, 1, 771, 755, 928, 883
0, 619, 785, 691, 838, 1, 773, 755, 928, 882
0, 615, 787, 690, 842, 1, 770, 759, 924, 886
0, 614, 784, 691, 836, 1, 772, 755, 925, 882
0, 615, 784, 693, 842, 1, 771, 759, 926, 883
0, 611, 783, 693, 842, 1, 772, 760, 926, 887
1, 776, 762, 928, 886, 0, 611, 782, 695, 842
0, 616, 786, 698, 848, 1, 776, 765, 928, 889
0, 611, 790, 698, 851, 1, 776, 770, 926, 892
1, 777, 773, 928, 895, 0, 611, 789, 698, 853
0, 611, 794, 702, 861, 1, 781, 779, 929, 900
0, 691, 819, 743, 855, 1, 782, 782, 930, 905
0, 689, 820, 741, 857, 1, 782, 786, 928, 908, 2, 608, 800, 702, 867
0, 693, 823, 742, 858, 1, 783, 791, 929, 910, 2, 608, 802, 699, 872
1, 693, 826, 743, 861, 0, 605, 805, 702, 876, 2, 786, 795, 929, 913
1, 741, 828, 791, 860, 0, 605, 806, 702, 878, 2, 787, 798, 930, 914
1, 689, 827, 745, 866, 0, 601, 808, 704, 882, 2, 787, 798, 931, 915
1, 694, 829, 750, 870, 0, 598, 810, 705, 885
0, 595, 808, 704, 885, 1, 789, 799, 934, 918
1, 692, 831, 756, 872, 0, 595, 809, 705, 888
0, 588, 808, 705, 891, 1, 792, 805, 934, 918
0, 585, 804, 707, 887
0, 584, 805, 708, 890, 1, 800, 802, 938, 917, 2, 698, 825, 762, 873
0, 697, 828, 763, 877, 2, 803, 804, 940, 919, 1, 580, 807, 708, 894
0, 699, 827, 763, 872, 2, 804, 801, 943, 917, 1, 577, 804, 707, 892
0, 574, 802, 703, 894, 1, 806, 801, 945, 916, 2, 697, 827, 764, 874
0, 567, 805, 705, 898, 2, 810, 805, 948, 918
0, 561, 802, 706, 896, 3, 812, 800, 952, 917, 2, 699, 824, 772, 874
0, 700, 824, 775, 875, 2, 816, 800, 953, 916, 3, 556, 800, 706, 898
0, 549, 801, 702, 903, 2, 820, 802, 955, 917
0, 700, 824, 777, 876, 2, 822, 800, 959, 914, 3, 540, 798, 703, 901
2, 825, 801, 965, 912, 3, 535, 797, 699, 904
2, 828, 800, 967, 913, 3, 526, 796, 698, 906, 4, 702, 823, 783, 878
2, 705, 820, 790, 877, 4, 516, 795, 697, 909
4, 707, 815, 792, 876, 2, 833, 800, 970, 911, 5, 507, 792, 694, 911
4, 494, 790, 690, 915, 5, 835, 800, 973, 910, 2, 709, 816, 792, 876
5, 483, 789, 688, 920, 4, 708, 817, 794, 877, 2, 838, 803, 976, 910
5, 846, 803, 978, 911, 2, 708, 816, 797, 878, 4, 468, 788, 686, 923
4, 451, 788, 679, 927, 5, 847, 802, 981, 911, 2, 710, 815, 797, 878
4, 711, 814, 801, 879, 2, 851, 805, 982, 910, 5, 438, 785, 675, 931
4, 418, 786, 665, 937, 5, 857, 806, 984, 912, 2, 713, 815, 806, 881
4, 398, 781, 658, 942, 5, 860, 804, 988, 912, 2, 711, 813, 809, 881
5, 373, 777, 652, 944, 4, 711, 811, 810, 880, 2, 862, 805, 994, 912
5, 348, 774, 643, 956, 4, 713, 812, 813, 881, 2, 866, 806, 997, 913
5, 315, 770, 635, 961, 4, 711, 810, 815, 881, 2, 869, 808, 999, 912
5, 284, 761, 621, 969, 4, 711, 809, 816, 879, 2, 873, 804, 1002, 912
5, 827, 821, 886, 864, 2, 709, 809, 818, 880, 4, 252, 759, 620, 972
5, 827, 822, 885, 864, 4, 708, 809, 818, 881, 2, 880, 806, 1007, 913, 6, 218, 754, 603, 981
5, 834, 824, 888, 861, 4, 705, 809, 819, 881, 2, 884, 807, 1010, 913, 6, 167, 750, 591, 984
5, 834, 822, 890, 863, 2, 704, 808, 820, 883, 4, 123, 742, 572, 989, 6, 886, 806, 1011, 915
5, 839, 825, 892, 863, 4, 702, 808, 820, 885, 2, 888, 809, 1016, 913
5, 841, 824, 899, 867, 4, 699, 808, 821, 886, 2, 891, 810, 1018, 918, 6, 20, 735, 526, 991
5, 843, 824, 900, 867, 4, 697, 807, 822, 887
5, 896, 810, 1024, 918, 4, 695, 808, 821, 889
5, 898, 812, 1028, 917, 4, 693, 807, 821, 891
5, 901, 811, 1028, 918, 4, 688, 807, 820, 893
5, 906, 811, 1029, 918, 4, 682, 806, 818, 895
5, 0, 647, 259, 994, 4, 678, 807, 818, 898
5, 1, 642, 191, 996, 4, 674, 806, 813, 898, 6, 913, 815, 1034, 919
5, 0, 650, 114, 970, 4, 670, 805, 812, 899
5, 916, 817, 1037, 921, 4, 660, 804, 809, 901
5, 920, 816, 1039, 917, 4, 655, 802, 807, 901
5, 856, 822, 919, 871, 4, 647, 800, 807, 901, 6, 923, 814, 1041, 916
5, 858, 823, 922, 871, 4, 639, 799, 804, 902, 6, 924, 814, 1044, 916
5, 861, 822, 921, 870, 4, 633, 797, 800, 903, 6, 928, 814, 1047, 913
5, 934, 814, 1052, 915, 6, 628, 796, 796, 904, 4, 863, 823, 924, 871
5, 861, 823, 922, 871, 4, 616, 795, 792, 905, 6, 934, 814, 1052, 915
5, 935, 815, 1052, 915, 6, 606, 795, 790, 906, 4, 861, 825, 925, 872
5, 937, 816, 1054, 916, 6, 597, 794, 788, 908, 4, 860, 823, 927, 873
6, 583, 792, 782, 909, 4, 859, 821, 927, 873, 5, 939, 816, 1055, 916
4, 577, 791, 782, 910, 6, 944, 816, 1059, 911, 5, 865, 821, 927, 871
6, 945, 816, 1062, 913, 5, 864, 824, 930, 870, 4, 561, 791, 778, 914
5, 949, 819, 1067, 914, 6, 550, 790, 772, 920, 4, 866, 826, 927, 872
5, 863, 830, 926, 876, 4, 536, 789, 765, 927, 6, 949, 819, 1065, 916
4, 516, 790, 756, 933, 6, 950, 823, 1066, 915, 5, 863, 829, 925, 876
4, 498, 791, 745, 939, 6, 952, 825, 1067, 919, 5, 862, 831, 926, 880
4, 483, 790, 741, 942, 6, 954, 825, 1069, 920, 5, 864, 834, 926, 882
4, 460, 787, 737, 944, 6, 956, 826, 1070, 920, 5, 861, 832, 928, 883
4, 439, 782, 728, 946, 6, 958, 826, 1071, 921, 5, 860, 832, 928, 881
4, 412, 776, 719, 952, 6, 961, 827, 1073, 921, 5, 859, 831, 929, 882
6, 381, 764, 709, 950, 4, 856, 828, 930, 878, 5, 962, 824, 1076, 919
6, 363, 765, 703, 955, 4, 861, 830, 934, 879, 5, 966, 825, 1081, 917
5, 854, 829, 931, 880, 4, 335, 758, 692, 956, 6, 969, 823, 1080, 916
6, 297, 747, 683, 964, 4, 856, 825, 934, 878, 5, 971, 819, 1083, 911
4, 854, 818, 935, 874, 5, 973, 817, 1084, 908, 6, 261, 740, 670, 965
5, 970, 821, 1081, 912, 6, 222, 732, 650, 974, 4, 852, 821, 930, 876
4, 172, 723, 627, 976, 6, 972, 815, 1082, 906, 5, 848, 817, 931, 875
4, 125, 715, 611, 976, 6, 973, 813, 1083, 904, 5, 847, 815, 930, 874
6, 76, 709, 591, 980, 4, 848, 815, 931, 876, 5, 976, 816, 1085, 905
6, 977, 815, 1087, 905, 4, 846, 814, 929, 877
6, 0, 695, 546, 984, 4, 844, 816, 927, 877
6, 983, 816, 1090, 907, 4, 845, 817, 930, 879
4, 957, 830, 1002, 863, 6, 987, 816, 1094, 907, 7, 846, 821, 931, 881
6, 989, 813, 1094, 905, 4, 844, 819, 930, 882
6, 400, 781, 497, 855, 4, 840, 818, 931, 882
6, 990, 809, 1097, 899, 4, 832, 815, 932, 879
6, 994, 808, 1097, 896, 4, 827, 812, 930, 879
6, 994, 802, 1097, 889, 4, 827, 808, 928, 874
6, 994, 799, 1098, 887, 4, 825, 804, 926, 871
6, 997, 796, 1102, 882, 4, 822, 802, 928, 868
4, 0, 650, 52, 963, 6, 998, 793, 1102, 880
4, 821, 799, 925, 866, 6, 1001, 792, 1105, 876
4, 820, 797, 924, 864, 6, 1003, 789, 1108, 875
6, 1006, 789, 1110, 875, 4, 816, 796, 924, 866
6, 1009, 790, 1112, 875, 4, 813, 797, 924, 868
4, 805, 799, 921, 870, 6, 1008, 790, 1111, 875
4, 802, 800, 923, 875, 6, 1009, 793, 1113, 876
6, 1011, 795, 1115, 878, 4, 799, 799, 923, 878
4, 799, 801, 919, 877, 6, 1013, 794, 1113, 877
6, 1013, 796, 1112, 877, 4, 794, 801, 916, 879
4, 789, 801, 915, 882, 6, 1015, 793, 1113, 876
6, 1018, 793, 1116, 873, 4, 784, 800, 913, 880
6, 1018, 789, 1116, 870, 4, 778, 799, 911, 880
6, 1019, 788, 1117, 871, 4, 772, 797, 908, 880
6, 1018, 788, 1116, 870, 4, 767, 796, 903, 881
6, 85, 727, 125, 758, 4, 757, 796, 902, 882, 7, 1019, 788, 1116, 870
6, 145, 735, 261, 842, 4, 750, 794, 898, 884, 7, 1019, 789, 1113, 869
6, 939, 799, 993, 841, 4, 741, 795, 892, 885, 7, 1018, 789, 1113, 870, 8, 278, 761, 382, 847
4, 731, 791, 887, 885, 6, 1018, 789, 1113, 870
4, 934, 798, 996, 841, 6, 1018, 790, 1112, 871, 7, 724, 791, 883, 889
4, 100, 717, 216, 837, 6, 1018, 791, 1112, 871
4, 89, 711, 206, 838, 6, 1018, 791, 1111, 872
4, 690, 792, 868, 896, 6, 1016, 791, 1113, 870
6, 1015, 792, 1112, 870, 4, 678, 791, 861, 898
4, 793, 801, 874, 854, 6, 1014, 791, 1114, 870
4, 793, 801, 870, 854, 6, 1014, 791, 1110, 870
4, 769, 797, 866, 856, 6, 1011, 791, 1107, 870
4, 621, 783, 834, 905, 7, 1008, 791, 1105, 871, 6, 761, 796, 857, 856
4, 767, 801, 856, 858, 6, 1007, 792, 1107, 871, 7, 609, 782, 824, 908
4, 760, 799, 850, 861, 6, 1007, 792, 1102, 872
4, 748, 798, 845, 863, 6, 1006, 792, 1099, 871
4, 548, 781, 788, 920, 6, 1003, 793, 1096, 871
6, 1000, 792, 1093, 870, 7, 528, 777, 786, 925
6, 993, 794, 1091, 871, 7, 505, 774, 773, 927, 8, 725, 799, 831, 866
6, 869, 794, 940, 849, 7, 483, 772, 764, 933, 8, 714, 798, 829, 869
8, 860, 797, 935, 851, 6, 991, 792, 1088, 868, 7, 457, 770, 750, 936, 9, 711, 798, 822, 869
8, 424, 765, 734, 944, 9, 989, 791, 1083, 869, 7, 844, 796, 923, 851, 6, 697, 798, 815, 871
8, 1096, 796, 1161, 850, 6, 989, 795, 1081, 869, 7, 393, 761, 721, 949, 9, 688, 797, 811, 874
8, 834, 794, 920, 854, 7, 987, 796, 1081, 869, 6, 684, 798, 803, 875, 9, 366, 759, 710, 956
7, 831, 795, 920, 856, 8, 674, 798, 801, 877, 6, 987, 798, 1080, 870, 9, 332, 756, 694, 960
8, 287, 751, 675, 969, 7, 987, 801, 1079, 869, 9, 663, 798, 795, 877
7, 1093, 797, 1163, 855, 8, 651, 797, 789, 880, 9, 987, 799, 1077, 870, 10, 828, 796, 905, 856
8, 638, 797, 783, 883, 10, 987, 801, 1076, 869, 7, 1094, 797, 1164, 855
8, 631, 795, 777, 881, 10, 984, 797, 1070, 870, 7, 1094, 795, 1164, 854
8, 1092, 796, 1165, 857, 7, 982, 798, 1067, 871
8, 1088, 794, 1160, 855, 9, 979, 797, 1064, 868
8, 603, 797, 757, 887, 9, 980, 799, 1063, 868
9, 976, 804, 1061, 871, 8, 1088, 795, 1161, 858
8, 976, 799, 1063, 871
8, 975, 799, 1063, 872
8, 976, 800, 1064, 872
8, 1098, 800, 1173, 863
8, 978, 801, 1066, 872
8, 1097, 799, 1174, 863, 9, 979, 800, 1066, 872
8, 1099, 798, 1177, 863
8, 981, 799, 1063, 871
8, 1100, 795, 1180, 861, 9, 979, 801, 1065, 867
8, 1102, 794, 1183, 862, 9, 982, 799, 1066, 868
8, 978, 800, 1061, 870
8, 1101, 795, 1185, 864, 9, 980, 801, 1062, 869
8, 1105, 796, 1188, 865
8, 1108, 806, 1192, 873, 9, 980, 805, 1064, 872
9, 980, 806, 1063, 875, 8, 1106, 805, 1196, 874
8, 1108, 807, 1198, 876
8, 1106, 808, 1195, 882
8, 1110, 808, 1199, 879
8, 981, 814, 1061, 880
8, 876, 825, 937, 871
8, 981, 811, 1062, 877
8, 871, 823, 936, 871
8, 871, 817, 938, 869
8, 1116, 805, 1214, 881
9, 979, 806, 1060, 872, 8, 1116, 804, 1218, 882
8, 1116, 802, 1218, 881, 10, 980, 806, 1057, 868, 9, 675, 799, 823, 890
9, 668, 796, 817, 889, 8, 1117, 800, 1223, 881
8, 95, 751, 488, 925, 9, 981, 803, 1058, 869, 10, 1119, 799, 1227, 883
8, 1121, 799, 1229, 883, 9, 980, 801, 1058, 868
8, 637, 796, 804, 895, 9, 980, 803, 1057, 869
8, 978, 803, 1056, 869
8, 1125, 799, 1239, 887
8, 607, 797, 788, 903
8, 595, 796, 780, 905
8, 585, 794, 771, 906, 9, 973, 806, 1049, 870
8, 569, 792, 768, 903
8, 974, 805, 1050, 868
8, 547, 787, 754, 906
8, 974, 802, 1049, 864
8, 972, 802, 1048, 862
8, 974, 800, 1047, 860
8, 974, 798, 1047, 860
8, 974, 802, 1048, 859
8, 787, 803, 893, 879
9, 973, 803, 1048, 859, 8, 778, 805, 893, 881
8, 774, 806, 888, 885
8, 699, 805, 792, 862
8, 696, 806, 783, 861, 9, 970, 801, 1044, 862
8, 750, 810, 878, 892
8, 743, 814, 867, 898, 9, 971, 801, 1045, 864
8, 737, 814, 865, 903, 9, 971, 804, 1044, 864
8, 678, 782, 788, 869, 9, 970, 803, 1043, 865, 10, 732, 810, 863, 905
8, 720, 811, 865, 907, 9, 970, 805, 1042, 865
8, 711, 813, 862, 912, 9, 970, 806, 1043, 867
8, 701, 814, 858, 918, 9, 970, 809, 1043, 868
9, 968, 806, 1042, 868, 8, 695, 810, 856, 921
8, 679, 811, 843, 926, 9, 969, 806, 1041, 867
8, 673, 810, 844, 928, 9, 970, 808, 1042, 867
8, 10, 713, 496, 984, 9, 970, 807, 1042, 867
8, 645, 806, 837, 932, 9, 970, 806, 1044, 865
8, 634, 807, 832, 938, 9, 970, 804, 1044, 865
8, 618, 806, 826, 946, 9, 971, 804, 1044, 864
8, 601, 803, 819, 948
8, 971, 799, 1039, 859
8, 567, 793, 806, 952, 9, 971, 799, 1040, 857
8, 532, 791, 799, 959, 9, 972, 799, 1040, 855
8, 507, 793, 788, 966, 9, 970, 798, 1040, 854
8, 479, 792, 782, 974, 9, 970, 800, 1041, 855
8, 971, 800, 1041, 854
8, 970, 798, 1042, 854
8, 383, 789, 756, 1009
9, 971, 801, 1039, 857, 8, 352, 782, 741, 1018
8, 306, 780, 734, 1022, 9, 971, 801, 1039, 857
8, 250, 778, 721, 1030, 9, 971, 803, 1042, 863
8, 285, 776, 702, 1025, 9, 971, 803, 1042, 863
8, 173, 773, 689, 1027
8, 160, 772, 666, 1033
8, 974, 812, 1044, 866
8, 972, 805, 1038, 858
8, 972, 806, 1044, 862
8, 970, 803, 1042, 861
8, 972, 809, 1038, 859
8, 972, 803, 1040, 859
8, 1113, 777, 1331, 915
8, 971, 803, 1038, 859
8, 974, 810, 1038, 858
8, 971, 808, 1044, 863
8, 971, 803, 1039, 859
8, 972, 806, 1042, 860
8, 973, 809, 1042, 863
8, 972, 806, 1041, 861
8, 971, 806, 1040, 863
8, 973, 807, 1042, 862
8, 1119, 757, 1451, 946
8, 752, 808, 888, 897, 9, 975, 805, 1040, 859
8, 748, 809, 889, 900, 9, 974, 806, 1041, 861
8, 740, 809, 888, 902, 9, 974, 806, 1041, 862
8, 731, 807, 885, 902, 9, 973, 807, 1039, 861
8, 724, 808, 883, 905, 9, 973, 807, 1040, 862
8, 714, 808, 875, 908, 9, 973, 806, 1041, 862
8, 703, 807, 874, 909, 9, 972, 806, 1039, 861
8, 695, 810, 870, 915, 9, 973, 805, 1041, 862
8, 684, 809, 864, 917, 9, 972, 806, 1040, 862
8, 675, 807, 861, 921, 9, 973, 805, 1040, 859
8, 665, 807, 858, 925, 9, 974, 805, 1041, 862
8, 650, 808, 854, 928, 9, 974, 806, 1041, 862
8, 638, 807, 847, 932, 9, 974, 806, 1042, 863
8, 622, 808, 841, 939, 9, 974, 807, 1043, 862
8, 597, 808, 836, 947, 9, 974, 809, 1043, 864
8, 800, 805, 912, 880, 9, 973, 809, 1043, 864
8, 563, 805, 825, 957, 9, 973, 809, 1043, 864
9, 798, 804, 901, 884, 8, 543, 804, 822, 964, 10, 975, 811, 1042, 865
9, 789, 802, 901, 882, 8, 513, 802, 813, 970, 10, 974, 809, 1043, 863
9, 973, 810, 1043, 863, 10, 486, 800, 804, 978, 8, 787, 802, 899, 884
9, 784, 802, 900, 887, 8, 463, 801, 795, 985, 10, 976, 811, 1041, 865
9, 779, 802, 898, 887, 8, 421, 796, 789, 998, 10, 974, 810, 1043, 866
8, 778, 799, 897, 887, 9, 973, 810, 1044, 864, 10, 383, 793, 777, 1007
8, 344, 791, 764, 1016, 10, 974, 810, 1043, 865, 9, 772, 801, 897, 891
8, 288, 788, 745, 1025, 10, 974, 810, 1041, 865, 9, 755, 800, 893, 894
8, 239, 788, 735, 1022, 10, 975, 811, 1041, 865, 9, 753, 801, 886, 897
8, 188, 786, 713, 1020, 10, 975, 811, 1041, 866, 9, 747, 799, 890, 898
8, 738, 802, 885, 902, 10, 974, 812, 1040, 865
8, 737, 801, 887, 903, 10, 974, 811, 1041, 866
8, 722, 797, 882, 901, 10, 973, 810, 1042, 864
8, 719, 796, 880, 902, 10, 974, 811, 1043, 862
8, 710, 796, 876, 909, 10, 974, 808, 1041, 865
8, 640, 802, 751, 882, 10, 973, 809, 1042, 865
8, 692, 791, 872, 912, 10, 973, 808, 1044, 863
10, 974, 807, 1043, 862, 8, 687, 792, 868, 914
8, 677, 791, 865, 920, 10, 972, 807, 1044, 864
10, 974, 809, 1041, 862, 8, 667, 791, 861, 921
10, 601, 798, 718, 883, 8, 653, 789, 857, 923, 11, 973, 808, 1044, 862
10, 973, 810, 1042, 862, 8, 641, 787, 852, 927
10, 972, 808, 1043, 862, 8, 621, 788, 846, 930
10, 972, 804, 1041, 859, 8, 608, 786, 842, 932
10, 972, 805, 1041, 859, 8, 590, 783, 836, 937
10, 973, 805, 1044, 862, 8, 569, 784, 830, 943
10, 974, 805, 1043, 862, 8, 551, 783, 822, 950
10, 972, 805, 1042, 862, 8, 541, 781, 815, 956
8, 517, 779, 806, 965, 10, 974, 804, 1042, 862
10, 972, 806, 1043, 863, 8, 494, 775, 802, 971
10, 262, 782, 521, 916, 8, 459, 769, 793, 978
10, 242, 781, 491, 915, 8, 425, 766, 786, 984
8, 397, 762, 776, 994, 10, 972, 806, 1043, 862
8, 352, 759, 767, 1006, 10, 971, 807, 1043, 862
8, 299, 752, 772, 1022
8, 260, 741, 742, 1027, 9, 973, 805, 1042, 862
8, 214, 733, 724, 1022, 9, 973, 806, 1042, 862
8, 158, 726, 700, 1017, 9, 973, 806, 1044, 862
8, 93, 717, 706, 1027, 9, 972, 805, 1042, 862
8, 11, 699, 663, 1023
8, 0, 691, 649, 1017, 9, 972, 804, 1042, 861
8, 973, 804, 1043, 861
8, 972, 804, 1042, 862
8, 971, 802, 1043, 862
8, 971, 803, 1041, 860
8, 973, 804, 1041, 862
8, 975, 804, 1042, 862
8, 970, 802, 1041, 860
8, 970, 803, 1041, 860
8, 971, 801, 1040, 859
8, 970, 802, 1042, 860
8, 971, 802, 1041, 859
8, 970, 801, 1041, 859
8, 970, 803, 1042, 860
8, 972, 799, 1040, 858
8, 971, 799, 1040, 858
8, 975, 800, 1044, 857
8, 973, 800, 1041, 858
8, 971, 802, 1043, 861
8, 971, 802, 1043, 861
8, 972, 801, 1044, 860
8, 971, 803, 1042, 861
8, 968, 801, 1040, 860
8, 1118, 777, 1372, 914
8, 972, 802, 1041, 861
8, 974, 802, 1042, 861
8, 974, 801, 1042, 859
8, 975, 801, 1042, 859
8, 972, 802, 1043, 860
8, 972, 801, 1042, 859
8, 970, 801, 1041, 859
8, 977, 800, 1043, 858
8, 977, 799, 1044, 857
8, 974, 801, 1043, 856
8, 974, 804, 1041, 856
8, 975, 800, 1043, 857
8, 974, 801, 1041, 858
8, 978, 800, 1044, 858
8, 978, 802, 1044, 858


0, 978, 802, 1044, 858
0, 975, 803, 1044, 861
0, 973, 805, 1042, 862
0, 976, 802, 1045, 860

0, 616, 804, 782, 880

0, 973, 804, 1043, 860, 1, 973, 802, 1043, 859
0, 1183, 774, 1454, 945, 1, 973, 801, 1043, 858, 2, 572, 801, 773, 883

0, 1183, 774, 1454, 945
0, 552, 800, 759, 885
0, 974, 800, 1041, 858
0, 974, 798, 1041, 856
0, 520, 800, 726, 888
0, 518, 803, 711, 892
0, 1227, 755, 1603, 982
0, 974, 799, 1040, 857
0, 491, 800, 687, 896
0, 480, 797, 681, 895



0, 976, 802, 1043, 855, 1, 975, 801, 1041, 855
0, 424, 795, 695, 898, 1, 974, 800, 1041, 856
0, 415, 796, 698, 899, 1, 973, 797, 1041, 857
1, 480, 799, 699, 894, 0, 408, 793, 663, 903
1, 971, 798, 1042, 861, 0, 382, 794, 673, 904
1, 492, 799, 685, 894, 0, 377, 793, 635, 905
1, 485, 798, 685, 895
1, 969, 800, 1041, 862, 2, 343, 791, 633, 907
1, 970, 802, 1042, 862, 2, 331, 791, 590, 907
1, 970, 801, 1042, 862, 2, 303, 789, 568, 908
1, 969, 800, 1042, 862, 2, 284, 788, 552, 910
1, 968, 802, 1042, 862, 2, 276, 786, 537, 913
2, 251, 785, 521, 913
2, 210, 781, 514, 915
0, 969, 799, 1042, 862

0, 177, 771, 489, 916
0, 141, 765, 469, 918
0, 117, 761, 447, 919
0, 423, 786, 610, 899
0, 973, 798, 1041, 858, 1, 78, 756, 433, 921
0, 398, 782, 600, 900
0, 28, 750, 395, 923
0, 9, 747, 381, 923
0, 0, 738, 355, 921
0, 0, 738, 347, 920
0, 0, 737, 322, 921
0, 0, 736, 306, 920
0, 269, 773, 534, 913, 1, 1, 728, 293, 921
0, 0, 720, 279, 919
0, 976, 803, 1047, 864
0, 210, 769, 503, 918, 1, 2, 713, 232, 917
0, 199, 767, 500, 919, 1, 3, 709, 206, 916
0, 157, 762, 464, 922, 1, 2, 701, 183, 916
0, 152, 764, 457, 923
0, 406, 794, 725, 954, 1, 104, 756, 423, 920
0, 77, 750, 418, 920
0, 361, 791, 709, 967, 1, 60, 747, 411, 921
0, 339, 788, 698, 971, 1, 44, 744, 393, 920
0, 9, 738, 366, 918
0, 705, 788, 855, 905
0, 0, 736, 344, 919
0, 218, 781, 661, 994
0, 194, 779, 650, 995, 1, 3, 728, 298, 919
0, 0, 718, 266, 913
0, 0, 724, 253, 913







0, 669, 788, 856, 918
0, 586, 776, 828, 941
0, 572, 773, 822, 949
0, 556, 773, 818, 953
0, 1001, 800, 1075, 857
0, 1000, 799, 1076, 857
0, 1000, 800, 1075, 858, 1, 513, 770, 807, 965
0, 1002, 799, 1075, 858, 1, 497, 766, 795, 974
0, 1002, 799, 1079, 858, 1, 474, 764, 792, 979
0, 1005, 799, 1082, 858, 1, 455, 761, 790, 990
0, 1004, 802, 1082, 859
0, 1005, 801, 1085, 859, 1, 406, 758, 777, 1003
0, 0, 701, 237, 929, 1, 379, 756, 768, 1012
0, 0, 701, 214, 932, 2, 347, 754, 762, 1020, 1, 1013, 798, 1088, 859
0, 0, 694, 188, 932, 2, 316, 750, 753, 1026
0, 275, 743, 733, 1034
0, 241, 734, 720, 1033
0, 200, 731, 699, 1028
0, 160, 729, 689, 1028
0, 111, 720, 667, 1036




0, 49, 713, 657, 1025
0, 1037, 800, 1108, 858

0, 668, 810, 826, 880

0, 1039, 806, 1115, 861
0, 643, 810, 802, 883
0, 643, 810, 807, 882
0, 640, 809, 804, 882
0, 635, 809, 805, 882
0, 1053, 798, 1123, 853
0, 1054, 793, 1124, 849
0, 612, 804, 779, 883
0, 610, 805, 782, 884
0, 602, 806, 780, 885
0, 598, 806, 781, 889
0, 594, 807, 768, 890
0, 584, 808, 764, 889
0, 892, 813, 956, 860
0, 567, 808, 758, 894
0, 562, 809, 761, 897
0, 555, 809, 746, 896
0, 1159, 784, 1345, 910
0, 546, 808, 743, 897
0, 530, 801, 733, 892

0, 538, 802, 731, 895


0, 527, 801, 731, 895
0, 467, 808, 698, 904
0, 450, 807, 686, 905
0, 1183, 776, 1427, 926, 1, 449, 806, 688, 907
0, 1173, 770, 1438, 922
0, 416, 805, 677, 911

0, 420, 804, 681, 911
0, 1234, 757, 1489, 936
0, 1245, 757, 1501, 943
0, 1184, 799, 1321, 899, 1, 1253, 751, 1511, 947
0, 1264, 751, 1536, 954
0, 300, 793, 612, 924
0, 1173, 777, 1346, 908, 1, 1267, 744, 1572, 968
1, 1176, 762, 1358, 913, 0, 267, 794, 600, 927
1, 1277, 740, 1643, 1035, 0, 250, 794, 590, 930
1, 1179, 762, 1374, 912, 0, 233, 792, 573, 931
1, 1179, 754, 1397, 914, 0, 217, 790, 553, 931
1, 1311, 732, 1697, 1027
1, 1334, 728, 1706, 1030, 2, 174, 787, 546, 933
1, 1335, 718, 1747, 1022, 2, 155, 788, 521, 932
1, 1187, 744, 1433, 916, 2, 129, 782, 508, 934
1, 1187, 743, 1441, 921, 2, 102, 783, 496, 934
1, 1370, 692, 1849, 1023, 2, 78, 779, 474, 936
1, 1387, 682, 1881, 1014, 2, 49, 775, 459, 936, 3, 1185, 737, 1460, 919
1, 773, 805, 910, 879, 2, 21, 771, 444, 936, 3, 1191, 735, 1478, 917
1, 768, 803, 905, 879, 2, 10, 767, 420, 935, 3, 1193, 723, 1493, 955
1, 1199, 729, 1508, 957, 2, 4, 762, 398, 938
1, 1199, 728, 1545, 955, 2, 0, 759, 387, 939
1, 1197, 724, 1562, 972, 2, 3, 759, 353, 942
1, 1211, 720, 1585, 984, 2, 0, 754, 335, 942
1, 1202, 716, 1596, 995, 2, 4, 748, 312, 940, 3, 1068, 798, 1135, 854
1, 1067, 798, 1135, 853, 3, 0, 744, 295, 938, 2, 1198, 710, 1619, 1001
1, 1216, 701, 1643, 1014, 3, 1, 740, 268, 937
1, 1232, 696, 1684, 1029
1, 1204, 698, 1706, 1023
1, 0, 710, 181, 930
2, 1221, 678, 1744, 1026, 1, 1063, 799, 1131, 854

0, 1, 706, 155, 930

0, 1063, 801, 1129, 855
0, 1047, 799, 1125, 854

0, 667, 798, 808, 890
0, 651, 798, 799, 893


0, 651, 798, 799, 893
0, 1194, 775, 1382, 876
0, 1217, 773, 1383, 873
0, 1051, 799, 1114, 851
0, 1186, 773, 1391, 882
0, 1043, 801, 1108, 855
0, 723, 799, 827, 875
0, 1116, 800, 1170, 839, 1, 1041, 801, 1107, 853, 2, 557, 786, 736, 903, 3, 718, 798, 827, 875
0, 546, 788, 731, 904, 3, 1040, 801, 1106, 853, 1, 1183, 781, 1311, 867
0, 1187, 782, 1305, 855
0, 521, 787, 713, 906
0, 511, 784, 710, 906

0, 1189, 778, 1327, 860
1, 1183, 773, 1355, 882, 0, 1029, 799, 1101, 849
1, 1186, 774, 1338, 871, 0, 1031, 800, 1096, 850
0, 1028, 800, 1096, 852, 1, 447, 779, 670, 913
0, 1025, 801, 1094, 853
0, 1027, 802, 1092, 852, 1, 419, 777, 655, 918
0, 395, 774, 640, 920
0, 380, 772, 628, 920
0, 744, 795, 841, 870
0, 1021, 800, 1085, 851
0, 1021, 800, 1084, 851, 1, 319, 763, 606, 924
0, 302, 762, 593, 927
0, 286, 759, 582, 930
0, 1205, 759, 1415, 907
0, 709, 795, 818, 873, 1, 246, 757, 561, 932
0, 1011, 803, 1081, 855, 1, 222, 755, 548, 934, 2, 708, 794, 818, 875, 3, 1208, 757, 1448, 922
0, 522, 787, 713, 895, 1, 202, 750, 537, 937
0, 1010, 800, 1077, 851, 1, 180, 745, 524, 935, 2, 696, 793, 805, 874
0, 501, 785, 699, 897, 1, 156, 741, 508, 939
0, 1004, 804, 1077, 856, 1, 130, 740, 494, 938, 2, 686, 792, 800, 876
0, 676, 791, 797, 878, 2, 107, 735, 477, 940
0, 473, 780, 673, 902, 2, 82, 735, 456, 939
0, 463, 780, 672, 904, 2, 55, 728, 441, 943
0, 1007, 804, 1070, 853, 3, 32, 723, 421, 940, 2, 653, 790, 784, 880, 4, 466, 778, 678, 904
0, 438, 779, 648, 906, 2, 9, 724, 403, 936
0, 1004, 804, 1067, 854, 2, 1, 716, 378, 939, 3, 428, 776, 651, 907, 4, 642, 789, 770, 880
0, 634, 789, 779, 880, 2, -2, 712, 360, 939, 3, 413, 774, 645, 908
0, 1004, 805, 1063, 853, 2, -1, 708, 335, 936, 3, 398, 773, 633, 909
0, 617, 786, 766, 880, 2, -1, 695, 312, 936, 3, 386, 773, 629, 909, 4, 1002, 804, 1063, 852
2, 1003, 805, 1063, 852, 0, 373, 772, 618, 911, 4, 0, 690, 288, 940, 3, 610, 787, 757, 882
2, 1000, 806, 1062, 855, 4, 353, 769, 615, 914, 0, 602, 787, 752, 883
2, 997, 807, 1061, 856, 3, 338, 767, 604, 916
2, 997, 807, 1060, 856, 3, 321, 767, 595, 915
2, 595, 790, 780, 883, 3, 300, 764, 592, 918
2, 991, 813, 1058, 858, 3, 284, 763, 585, 920
2, 686, 795, 794, 875, 3, 266, 762, 573, 921
2, 689, 794, 793, 872, 3, 247, 758, 561, 922
2, 0, 629, 79, 917, 3, 230, 757, 552, 923
2, 679, 792, 777, 875, 3, 208, 756, 544, 924
2, 671, 791, 785, 875, 3, 189, 748, 536, 926
2, 504, 781, 697, 892, 3, 170, 746, 521, 926, 4, 990, 807, 1055, 856
2, 493, 778, 689, 892, 4, 148, 743, 511, 927, 3, 639, 791, 737, 876
2, 987, 804, 1049, 853, 3, 129, 739, 496, 926
2, 769, 799, 864, 859, 3, 105, 735, 489, 927
2, 779, 799, 856, 858, 4, 85, 734, 470, 925, 3, 642, 781, 746, 874, 5, 986, 805, 1050, 854
4, 984, 805, 1047, 852, 2, 643, 782, 748, 875, 5, 53, 727, 456, 926
4, 433, 770, 660, 899, 2, 638, 782, 744, 875, 6, 35, 727, 443, 924, 5, 983, 806, 1045, 853
4, 986, 811, 1045, 854, 2, 632, 782, 742, 877, 5, 15, 724, 427, 924
4, 414, 769, 643, 902, 2, 626, 780, 735, 880, 5, 2, 713, 407, 927
5, 0, 710, 392, 925, 4, 769, 800, 847, 858, 6, 617, 779, 732, 879
4, 766, 801, 848, 858, 6, 611, 779, 726, 879, 7, 981, 805, 1043, 851
4, 0, 695, 354, 926
4, 757, 799, 843, 860, 5, 598, 778, 712, 882, 6, 982, 806, 1042, 852
4, 751, 800, 838, 861, 5, 592, 779, 713, 882
4, 981, 807, 1039, 852, 5, 583, 778, 707, 883
4, 322, 757, 593, 911, 5, 576, 778, 701, 882, 6, 748, 800, 836, 861
4, 316, 756, 589, 912, 5, 569, 776, 698, 883, 6, 748, 800, 836, 861
4, 983, 806, 1039, 850, 5, 561, 776, 694, 884
5, 983, 806, 1039, 850, 6, 744, 799, 834, 861, 4, 282, 754, 573, 915
6, 546, 775, 686, 885, 7, 265, 752, 566, 916, 5, 982, 804, 1041, 850, 4, 743, 797, 831, 861
6, 983, 806, 1041, 851, 4, 249, 747, 556, 919, 5, 538, 772, 684, 887, 7, 738, 798, 832, 861
6, 735, 798, 829, 864, 7, 231, 746, 554, 921, 4, 982, 803, 1041, 851, 5, 526, 774, 682, 889
6, 730, 798, 826, 864, 4, 213, 745, 547, 922, 7, 520, 773, 676, 890, 5, 983, 803, 1041, 850
6, 730, 797, 824, 864, 7, 196, 743, 537, 923, 4, 982, 803, 1041, 850, 5, 511, 772, 668, 890
6, 726, 798, 824, 864, 7, 181, 743, 525, 921, 4, 983, 802, 1040, 850, 5, 500, 771, 665, 890
6, 483, 769, 655, 893, 7, 162, 741, 515, 923, 5, 983, 802, 1041, 851, 4, 725, 798, 823, 864
6, 471, 771, 605, 894, 7, 141, 737, 505, 926, 5, 982, 802, 1042, 851, 4, 725, 799, 815, 866
6, 464, 769, 633, 897, 5, 124, 735, 496, 925, 7, 722, 798, 813, 867, 4, 982, 803, 1042, 851
6, 715, 798, 810, 866, 7, 104, 732, 484, 927, 4, 983, 803, 1042, 851
6, 448, 768, 633, 898, 7, 82, 728, 473, 926
6, 423, 765, 626, 898
6, 412, 763, 622, 896
6, 10, 713, 433, 923
6, 698, 796, 806, 866, 7, 3, 711, 423, 925, 8, 395, 760, 608, 901
6, 380, 759, 604, 903, 8, 1, 704, 405, 926, 7, 696, 795, 804, 866
8, 362, 758, 597, 902, 6, 693, 793, 805, 866, 7, 0, 704, 387, 924
7, 987, 800, 1050, 848, 6, 348, 756, 595, 905, 8, 0, 696, 373, 926, 9, 691, 794, 798, 867
7, 0, 686, 355, 924, 8, 334, 756, 589, 907, 9, 687, 796, 797, 869
7, 559, 779, 697, 879, 8, 326, 754, 578, 908, 9, 685, 795, 795, 869, 10, 988, 801, 1051, 848
7, 552, 780, 698, 881, 8, 306, 753, 573, 910, 10, 682, 794, 793, 869, 11, 3, 678, 325, 928
11, 0, 674, 304, 929, 7, 549, 780, 691, 883, 8, 289, 752, 563, 912, 12, 674, 795, 794, 872, 10, 988, 804, 1051, 850
11, 668, 797, 791, 874, 7, 544, 778, 688, 884, 8, 269, 753, 555, 914
7, 0, 651, 262, 925, 8, 254, 751, 547, 915, 11, 666, 796, 791, 875
7, 525, 780, 676, 885, 8, 242, 748, 538, 917
7, 657, 795, 779, 875
7, 651, 793, 776, 875, 8, 203, 745, 522, 919, 9, 504, 775, 668, 886
7, 494, 776, 666, 889, 10, 188, 743, 513, 920, 9, 992, 802, 1053, 850, 8, 646, 794, 774, 876
7, 479, 777, 659, 889, 10, 170, 742, 505, 920, 9, 989, 803, 1054, 852, 8, 644, 794, 775, 877
7, 469, 775, 656, 891, 10, 151, 737, 498, 924, 9, 993, 804, 1054, 852, 8, 643, 793, 766, 878
7, 638, 791, 764, 878, 10, 136, 734, 486, 924, 9, 995, 805, 1054, 851
7, 633, 791, 764, 881, 10, 111, 735, 477, 924, 9, 996, 803, 1057, 850
10, 629, 792, 770, 881, 7, 996, 803, 1058, 851, 9, 97, 728, 466, 926
7, 425, 769, 634, 899, 10, 70, 723, 456, 925, 9, 999, 804, 1058, 851
7, 417, 766, 630, 899, 10, 55, 717, 445, 926, 9, 1002, 805, 1058, 850
9, 30, 713, 428, 923, 10, 403, 762, 626, 901, 7, 1001, 804, 1058, 850
9, 1001, 804, 1058, 851, 7, 391, 761, 616, 900, 10, 13, 709, 415, 924
9, 1001, 803, 1059, 846, 7, 380, 759, 610, 900
7, 1003, 807, 1060, 848, 9, 0, 700, 390, 923, 10, 368, 759, 604, 900
7, 1005, 806, 1060, 848, 9, 0, 695, 372, 923, 10, 374, 759, 595, 900
7, 1006, 806, 1062, 848, 9, 0, 687, 352, 922
9, 574, 780, 731, 882, 7, 332, 756, 589, 903
9, 564, 778, 727, 882, 10, 305, 752, 578, 905
9, 0, 666, 306, 916
9, 1004, 804, 1060, 847, 10, 274, 748, 560, 907
9, 1003, 804, 1060, 847, 10, 255, 745, 550, 908
9, 1002, 804, 1060, 847
10, 220, 743, 530, 909, 9, 1003, 806, 1060, 847
9, 1004, 804, 1060, 846
9, 1004, 805, 1060, 847, 10, 186, 741, 517, 911
10, 175, 739, 510, 913, 9, 1001, 803, 1060, 847
10, 153, 734, 504, 914, 9, 1001, 803, 1059, 847
9, 1002, 805, 1058, 847, 10, 135, 732, 496, 916
9, 1001, 805, 1056, 847, 10, 113, 730, 482, 915
9, 998, 805, 1056, 848, 10, 99, 727, 466, 915
9, 997, 805, 1056, 848, 10, 77, 721, 452, 917
9, 999, 805, 1055, 847, 10, 43, 718, 444, 918
9, 995, 803, 1053, 848, 10, 20, 712, 434, 917
9, 992, 799, 1053, 845, 10, 5, 707, 413, 913
9, 992, 803, 1051, 847, 10, 0, 702, 392, 911
9, 1082, 798, 1156, 856, 10, -1, 696, 372, 912
10, 988, 805, 1045, 846

0, 987, 806, 1043, 846
0, 1074, 799, 1150, 859, 1, 983, 808, 1040, 849
0, 788, 780, 924, 880
0, 978, 807, 1033, 850
0, 976, 807, 1032, 852

0, 977, 807, 1033, 851
0, 968, 810, 1024, 850
0, 490, 773, 643, 885, 1, 201, 739, 527, 914, 2, 1060, 797, 1144, 862
0, 1058, 797, 1142, 862
0, 965, 807, 1021, 847
0, 961, 804, 1020, 847
0, 1055, 796, 1143, 863, 1, 120, 727, 491, 916
0, 958, 801, 1016, 845
0, 1050, 796, 1147, 866
0, 959, 805, 1016, 848
1, 35, 723, 596, 917
0, 957, 807, 1012, 846, 1, 27, 704, 414, 921
1, 1050, 797, 1151, 869, 0, 957, 806, 1013, 847, 2, -14, 700, 514, 921
2, 958, 809, 1011, 846, 0, 1050, 797, 1152, 871
3, 1054, 798, 1153, 872, 4, 2, 698, 362, 923
3, 958, 810, 1011, 851, 4, 5, 694, 339, 923
3, 0, 755, 567, 915
3, 959, 805, 1011, 848, 4, 5, 686, 302, 922, 5, 268, 753, 546, 906
3, 957, 811, 1010, 854, 5, 3, 679, 289, 924, 4, 1051, 800, 1163, 877, 6, 261, 754, 531, 910
6, 116, 748, 522, 912, 3, 957, 807, 1011, 851, 4, 4, 676, 268, 922, 5, 46, 741, 572, 922
4, 956, 804, 1012, 847, 5, 23, 724, 524, 924, 6, 1053, 797, 1172, 874
4, 1058, 798, 1170, 875, 6, 16, 738, 495, 920, 5, 959, 806, 1011, 850
5, 958, 811, 1011, 851, 4, 1058, 797, 1179, 877
5, 1169, 765, 1454, 939
5, 0, 633, 158, 916
5, 961, 811, 1014, 850
0, 1063, 797, 1190, 880



0, 1062, 795, 1199, 877

0, 1073, 797, 1216, 886, 1, 970, 811, 1028, 852
1, 974, 812, 1029, 854, 0, 1079, 796, 1218, 888
0, 978, 812, 1031, 852
0, 976, 807, 1034, 851
0, 982, 812, 1034, 851
0, 981, 813, 1036, 853


0, 984, 808, 1038, 850


0, 990, 810, 1043, 850, 1, 491, 798, 649, 896
0, 996, 813, 1053, 852, 1, 468, 797, 650, 899

0, 435, 797, 642, 900
0, 1004, 806, 1059, 850
1, 1007, 813, 1059, 852, 2, 146, 740, 437, 923, 0, 421, 797, 632, 905
1, 401, 795, 627, 903, 0, 86, 737, 437, 923
1, 390, 794, 622, 903, 0, 65, 736, 422, 922
1, 392, 794, 620, 905, 0, 46, 734, 409, 923, 2, 1010, 810, 1064, 851
1, 1013, 806, 1069, 852, 2, 23, 728, 399, 924
1, 1016, 805, 1072, 847, 2, 9, 723, 387, 924, 3, 383, 790, 610, 908
1, 1017, 803, 1076, 848, 2, 6, 718, 364, 925, 3, 365, 789, 606, 909
1, 1018, 803, 1075, 847, 2, 4, 710, 346, 924, 3, 354, 786, 599, 911
2, 1017, 803, 1075, 847, 1, 342, 785, 592, 910, 3, 3, 703, 330, 921
2, 1020, 802, 1077, 846, 1, 328, 783, 584, 911, 3, 3, 699, 308, 917
2, 0, 690, 285, 918, 3, 314, 778, 577, 913, 1, 1022, 802, 1078, 846
3, 290, 776, 563, 914, 2, 1022, 802, 1079, 846
2, 1021, 802, 1082, 848, 3, 276, 774, 559, 916
3, 255, 773, 545, 918, 2, 1021, 803, 1080, 848
3, 240, 768, 535, 920, 2, 1021, 803, 1080, 847
3, 219, 768, 523, 921, 2, 1020, 803, 1079, 848
2, 1019, 803, 1078, 848, 3, 206, 766, 514, 921
2, 1019, 804, 1078, 849, 3, 182, 762, 504, 923
3, 158, 758, 485, 922, 2, 1018, 803, 1077, 848
2, 1017, 805, 1074, 847, 3, 139, 756, 474, 924
2, 1017, 803, 1074, 847, 3, 118, 753, 461, 922
2, 1017, 806, 1076, 849, 3, 95, 751, 449, 922
2, 1017, 805, 1075, 851, 3, 72, 747, 432, 924
2, 1017, 806, 1075, 849, 3, 46, 745, 416, 925
2, 1017, 804, 1075, 850, 3, 21, 742, 401, 925
2, 1016, 802, 1075, 851, 3, 7, 738, 382, 926
2, 1015, 804, 1071, 850, 3, 1, 730, 362, 928
2, 1014, 805, 1070, 850, 3, 0, 726, 338, 926
2, 1013, 804, 1071, 851, 3, -1, 727, 319, 923
3, 0, 724, 303, 922, 2, 1012, 804, 1071, 851
3, 0, 716, 280, 924, 2, 1012, 805, 1070, 851
3, 0, 719, 259, 921, 2, 1013, 805, 1070, 850
3, 1012, 806, 1072, 851
3, 0, 703, 212, 920, 4, 1011, 804, 1068, 851
3, 1010, 803, 1068, 847
3, 1010, 803, 1068, 847
3, 1010, 803, 1067, 849
3, 1010, 804, 1066, 850
3, 1010, 804, 1068, 850
3, 1008, 804, 1064, 850
3, 1009, 806, 1063, 850
3, 1007, 804, 1064, 849
3, 1006, 804, 1061, 847
3, 1005, 804, 1060, 848
3, 1004, 804, 1061, 847
3, 1004, 805, 1062, 849
3, 1001, 806, 1061, 850
3, 1000, 806, 1060, 850
3, 1000, 808, 1059, 850
3, 999, 808, 1059, 851
3, 1000, 808, 1059, 850
3, 998, 807, 1059, 851
3, 998, 806, 1059, 852
3, 997, 805, 1059, 852
3, 998, 808, 1057, 854
3, 997, 808, 1057, 853
3, 1000, 811, 1057, 853
3, 994, 806, 1056, 854
3, 994, 807, 1054, 854
3, 992, 807, 1055, 854
3, 992, 806, 1055, 854
3, 992, 805, 1055, 853
3, 991, 806, 1052, 854
3, 991, 805, 1052, 854
3, 991, 810, 1052, 856
3, 990, 805, 1049, 853
3, 990, 805, 1049, 854
3, 989, 804, 1048, 854
3, 988, 806, 1048, 854
3, 991, 804, 1050, 851
3, 989, 809, 1051, 854
3, 989, 811, 1050, 854
3, 988, 804, 1052, 853
3, 989, 805, 1052, 853
3, 989, 809, 1052, 854
3, 991, 805, 1052, 853
3, 992, 805, 1054, 854
3, 991, 805, 1055, 855
3, 992, 805, 1055, 856
3, 991, 811, 1056, 859
3, 991, 809, 1056, 859
3, 992, 805, 1057, 857
3, 993, 804, 1057, 856
3, 992, 804, 1057, 857
3, 991, 805, 1055, 856
3, 991, 809, 1054, 857
3, 987, 804, 1055, 856
3, 985, 803, 1056, 856

0, 984, 805, 1053, 856










0, 983, 806, 1050, 858











0, 967, 802, 1036, 858
0, 951, 798, 1024, 858
0, 948, 799, 1025, 858
0, 947, 798, 1024, 857
0, 945, 798, 1023, 857
0, 944, 798, 1021, 857
0, 943, 796, 1020, 858
0, 940, 796, 1017, 858

0, 939, 796, 1016, 856
0, 937, 797, 1016, 858
0, 936, 797, 1015, 861
